adobe 4632 7546 3781 3217 42843 338624 16363 123179 0 0 0 0 0 0 0 0 0 0 0 0 0 0 0 0 0 0 0 0 0 0
adobe 3523 11853 5213 3271 40896 344759 12255 48794 0 0 0 0 0 0 0 0 0 0 0 0 0 0 0 0 0 0 0 0 0 0
adobe 5423 8150 3759 1087 41120 339140 15530 120015 0 0 0 0 0 0 0 0 0 0 0 0 0 0 0 0 0 0 0 0 0 0
adobe 4855 6671 4730 3579 40776 339549 10613 101667 0 0 0 0 0 0 0 0 0 0 0 0 0 0 0 0 0 0 0 0 0 0
airbnb 330 210 11238 3714 2069 39538 34964 252298 65124 105057 212581 233577 219604 244646 255622 332594 343720 219089 320741 228411 375306 239606 165707 171013 133939 87758 63841 173491 210806 299905
airbnb 120 654 10892 3780 3343 43169 160514 188634 37991 87641 149460 250361 222116 300435 267129 295605 103003 98783 197745 404147 350015 330076 301888 250459 234383 52985 130332 213093 314599 530320
airbnb 8616 1367 3935 4935 47189 336056 17177 122622 373641 400633 348488 494701 310355 308425 402664 282679 479964 292248 38297 141401 189900 234010 236290 252308 143388 200104 235454 158961 95853 98711
airbnb 6679 6157 3714 4831 44226 218875 121352 18789 106850 169118 216612 219469 271398 319102 241657 337290 191346 332037 374649 392426 433171 161918 97119 205056 358623 305040 380484 314125 136061 79870
alibaba 4498 7307 3781 4231 37849 206061 144951 93978 425879 1299941 295305 24292 132 0 0 0 0 183 0 0 0 20475 2775 10385 48197 624347 557605 74355 213195 359638
alibaba 242 4212 7307 3781 3521 41621 339320 9091 116348 793811 1164582 20961 10749 663 676 186 286 8131 1348 0 12510 43214 628255 433279 321640 492919 213569 18571 283038 249091
alibaba 202 11891 3781 1713 38888 111792 231743 93907 393691 676776 757863 273348 363377 463766 444478 407780 458850 31556 165220 117925 207210 86274 204058 370444 96852 15620 38353 36317 171187 109968
alibaba 6086 6649 2632 3616 42165 339089 8586 116900 709709 1128350 139827 21419 0 367 189 1835 15506 33481 643618 391242 259589 434564 415767 2712 30746 518 4990 915 0 17923
allrecipes 4544 2348 11767 3703 4850 28214 91994 127267 140632 16738 121635 141041 182624 290732 256507 227891 211800 295077 341978 196602 220729 247383 271354 184555 197096 211808 232339 171890 179336 400338
allrecipes 372 11970 3847 2336 40389 45217 148094 120447 46799 103930 107235 177212 264711 209636 232153 290009 282098 122463 234927 316362 268321 177098 144673 98643 91212 120213 108461 147862 214237 258564
allrecipes 60 0 10907 4100 3386 1537 133461 201954 57823 106747 106179 249466 275458 208543 250463 140741 242249 272683 301738 205069 211936 133293 170708 177007 230496 212106 161335 205503 166497 322887
allrecipes 5478 1176 11477 4695 3148 40694 2196 199223 157895 23307 172223 158945 156385 231630 166056 259406 273532 262768 267009 328459 257331 216047 177026 228822 160190 149963 144749 164221 229379 359162
amazon 5438 7479 2506 3949 41715 339721 16812 120085 619584 1536660 420985 276324 234155 390 120 948 0 395 0 0 1237 15349 132 0 0 0 86195 1165 0 105
amazon 5544 6671 4053 3509 41976 320766 38338 208177 609091 1529014 473249 419335 3308 90 665 3268 16952 3843 0 1499 15612 0 0 370 1755 167 86994 1098 0 105
amazon 946 4999 7201 3083 3484 42738 337246 17227 188092 690612 1349010 462239 197401 327577 0 0 0 0 0 1974 570 1512 17095 150 60 268 395 86127 1107 1158
amazon 6086 6933 3193 3312 49208 331726 26826 171510 811291 1298702 222367 20225 89746 747080 1014945 479737 596895 892334 846081 771448 804470 687603 206563 261321 234768 336018 203012 201031 7360 0
apple 5345 7997 3598 1087 41062 339856 14002 158315 109901 0 0 0 0 0 0 0 0 0 0 0 0 0 0 0 0 0 0 0 0 0
apple 9079 4275 4567 1395 40186 338907 12624 168918 112583 0 0 0 0 0 0 0 0 0 0 0 0 0 0 0 0 0 0 0 0 0
apple 5423 6103 3781 3151 40776 339337 55580 213733 41305 0 0 0 0 0 0 0 0 0 0 0 0 0 0 0 0 0 0 0 0 0
apple 5416 8133 4046 1533 41379 340393 43777 196301 39533 0 0 0 0 0 0 0 0 0 0 0 0 0 0 0 0 0 0 0 0 0
ask 60 502 11012 3781 3019 37648 283932 62929 135102 798941 1548302 85067 424850 250045 53084 358825 282906 67357 176751 123069 5502 43969 214750 0 898 242275 0 242 260528 83228
ask 1821 502 13175 3891 1153 40054 103930 236549 127017 623877 1196059 578314 529866 143129 52953 494082 166344 64657 273751 11693 1007 231796 18567 0 0 253207 66 242 287055 63791
ask 588 168 13047 3781 1713 39392 128607 222418 128076 371301 967323 1096525 535477 147555 67443 490713 135576 91395 287792 10621 10294 62959 189328 826 17150 239118 1986 2116 245762 123864
ask 60 9355 5443 2460 1087 42805 342118 47191 309098 1027835 1139450 455226 211005 68695 481791 198762 41497 291927 11452 2651 37839 207322 60 1580 241887 750 53006 262643 4759 73467
bankofamerica 66 0 60 9273 1108 3835 4734 41275 48419 234582 80624 83927 62180 254669 207158 150999 127146 163223 231049 344061 58588 89946 275532 134227 115856 165020 289241 192961 329941 286202
bankofamerica 1429 214 6744 6388 3715 2986 42683 60465 90406 178824 23432 134477 125486 49458 165842 114576 127896 288660 130776 117446 171971 205007 145068 194568 120839 85886 36118 152204 91295 205887
bankofamerica 4832 7015 3781 3661 41810 103895 101530 135415 16453 45026 124323 186616 156547 147324 193659 159251 229413 145022 98857 222616 149215 190031 97965 209644 158295 149709 96038 171468 129303 216027
bankofamerica 9067 2101 2407 5096 54085 99213 202815 42504 41586 188985 188976 182114 255426 223623 227565 148531 173680 235043 153342 172096 214925 207086 257000 309078 188498 154595 206033 171751 183886 259836
bbc 1178 11830 4358 1734 32966 24077 326380 4988 6811 119167 781426 1287830 363143 832216 1535557 1454872 1179685 53733 170015 24663 244364 231280 22947 126664 156623 16342 238220 123356 36837 122046
bbc 397 13240 3759 357 40078 95025 256341 190317 688523 1025918 1390792 1429448 1431482 767756 665328 426509 552865 319255 146736 16968 0 0 0 0 0 0 0 0 0 0
bbc 6074 6649 2572 3271 43193 335518 39388 142576 767135 585572 807382 720924 736352 862663 1016578 1099227 1172805 911184 95705 44425 76669 373637 154599 86440 5991 0 0 0 0 0
bbc 6079 6788 2506 3271 43083 336124 66012 179851 1128489 1348560 1660586 1640106 1522765 681697 208217 88109 12942 4004 77445 42045 42453 316430 33785 14017 1758 42481 83511 50228 4070 125081
bing 4779 7010 3913 3205 41380 338232 8888 181947 700343 1394753 185749 154859 322279 277306 131588 290750 355786 17856 0 0 168484 1084351 4790 20842 0 0 0 0 0 112
bing 318 11865 3715 2123 38622 163783 180067 169494 733116 1497719 319190 412338 133508 452285 158077 146675 2119 7716 18715 1185685 49537 22137 0 77 0 0 0 0 102 112
bing 5357 7978 3532 1087 40815 337475 10182 217437 784190 1353147 812991 336587 1110128 433006 247445 31555 1145 752 788 0 0 15583 66 0 0 0 0 0 96 0
bing 9091 4275 3532 1087 40606 312502 60884 266722 382312 820165 688365 1303552 340673 253513 7146 753 395 653860 610194 450 16695 120 120 77 0 358 493 338 112 0
bitly 11987 11027 11507 7023 276 3103 51519 329368 16247 210120 188339 345035 373566 447143 453244 411925 272692 324430 414843 74815 235016 270861 334855 334712 165934 108675 187191 212128 57882 63762
bitly 5213 8169 3627 1837 40420 186219 157232 99794 131870 229592 397036 337068 373170 259543 308700 353313 270568 472075 310655 235116 215219 239536 298527 185980 209269 202697 286656 208114 70576 21178
bitly 60 13344 3495 423 38207 13667 168469 170812 139190 240655 204476 307496 355552 296728 391519 333178 319961 444329 370513 285172 312734 206774 339414 325148 64064 225690 212084 74389 26936 10264
bitly 9079 4277 3561 1147 41876 238514 106979 169755 279724 506969 481619 411880 251998 328313 229960 211952 474426 450253 409412 324526 293710 258212 212696 77763 25299 32559 1140 39499 110906 57922
booking 60 11588 3714 1713 38822 70057 195679 86480 81944 84370 211306 155996 261923 287343 292990 276125 319618 210238 265299 201344 270297 277305 372805 334710 289236 421072 361372 190687 143147 254926
booking 4570 4251 5603 3787 4759 22241 29464 59062 95401 44333 103940 38269 28050 95649 135824 123902 195995 341074 412006 303223 308657 344337 386197 535353 426042 290996 212693 200897 286857 664387
booking 852 178 11382 3774 1496 39477 63002 288554 46961 170196 183574 117915 318193 290630 197235 38974 111007 436008 318814 373972 350221 430651 334770 194214 246212 410168 185128 256452 370870 598963
booking 196 562 11400 3714 2842 39406 116448 235821 3400 101723 197546 376590 389893 383081 289908 318643 234563 428400 218518 187614 126603 72931 94203 69711 321741 291779 396422 428341 260997 366745
buzzfeed 1544 9111 4041 4894 20779 74001 80348 193010 144586 165046 72781 65844 67866 107720 116086 110154 96876 73854 71406 89401 106621 141177 136438 211848 203297 66526 104039 79321 47031 341156
buzzfeed 105 7753 5203 7162 3854 3095 42016 202319 138706 70146 155744 164091 151607 66034 43639 30304 20545 1016 48039 291 24144 33218 140075 154163 112739 122829 113481 164598 100278 181566
buzzfeed 404 5999 5609 10419 4492 7985 6417 1577 28557 91852 237410 105097 143108 123403 159079 181536 160383 184131 281382 240685 211174 263457 215359 269863 161442 136197 228345 159184 45742 288411
buzzfeed 4906 9592 8051 1366 40255 88719 200492 60453 224269 307955 125738 199355 122234 454546 150826 170120 314862 218569 305795 213370 206615 126216 134323 128067 140551 154094 181034 208168 92678 37157
canva 138 11577 3715 3287 37321 117566 227234 19446 156258 154477 275413 363772 200863 371524 369545 261012 319112 347779 319278 65004 21270 0 0 0 247 932 36171 76437 187990 428385
canva 430 9145 2953 4002 3247 49555 223612 130023 72023 116121 248516 321789 251769 314709 125375 140131 347876 259952 224199 254236 153013 268042 203690 10711 20104 60288 271746 376714 13460 206
canva 60 60 9571 5805 214 8452 63416 238019 83936 128114 63799 168321 346304 253709 344265 208309 248327 340093 292876 296757 350161 297495 158347 137683 204573 169921 215185 182771 158597 418864
canva 86 78 9692 3634 4641 482 106398 282951 15715 145429 247409 348939 309997 151703 214037 218021 241098 197649 192716 230714 117860 125522 83680 132684 244684 189672 395156 211287 3040 2426
cdc 8265 3693 591 29902 89030 262116 100188 57827 0 0 0 0 0 0 0 0 0 0 0 0 0 0 0 0 0 0 0 0 0 0
cdc 6671 3841 1713 39196 88543 254256 101571 29417 0 0 0 0 0 0 0 0 0 0 0 0 0 0 0 0 0 0 0 0 0 0
cdc 7985 3825 833 41136 94106 245367 102608 24558 0 0 0 0 0 0 0 0 0 0 0 0 0 0 0 0 0 0 0 0 0 0
cdc 10050 4154 4619 66 213349 166450 108303 10249 0 0 0 0 0 0 0 0 0 0 0 0 0 0 0 0 0 0 0 0 0 0
chase 2043 9704 6308 6517 44234 102640 245303 59737 243795 229094 264128 318722 195185 309573 281161 315233 210760 231963 378202 141059 222061 375546 286059 99530 4968 13496 211897 51074 403803 350564
chase 1703 10216 3210 2765 4071 66239 177466 145822 117743 166752 85638 107209 50286 146119 108450 73797 223150 238792 350862 338644 331947 330384 360078 164398 183278 242090 147427 125390 128421 120485
chase 7088 12443 2393 3570 47089 324088 12976 51798 88286 390308 232553 217757 428820 308188 280102 239778 333901 270979 116596 37620 92700 89218 40072 40235 80796 77612 50590 26704 25046 341941
chase 12367 2849 2358 4722 51459 109212 166979 69698 174408 184156 318168 308305 260576 245977 240733 379407 309865 333898 224048 22608 80965 29480 109054 32291 66812 184890 149494 0 109983 78678
chegg 5631 7855 4184 1503 48745 271219 60551 99462 339200 268837 352576 424264 404474 315766 238264 282053 186775 185995 425428 330608 286038 375329 300636 166793 306117 301396 206475 271005 383502 235614
chegg 206 1780 12776 4941 2990 43592 110758 191207 58110 72767 100185 102469 160719 140521 40524 129904 105524 185486 244012 277584 283404 220466 130387 22524 0 0 312 264 156 467
chegg 3354 6406 28643 28665 42595 50659 91225 220867 92912 122065 144898 136118 126700 192240 268552 246880 183997 294534 281344 263514 93021 42338 0 10774 10867 38563 28755 29993 29064 29477
chegg 1233 4737 14044 10334 2569 14517 80011 130308 75657 100243 20051 93383 47926 273269 186216 217683 236235 183767 139574 136011 116732 199375 258543 178464 11934 18879 60 172 0 417
citibank 152 10629 6944 802 9338 55487 156912 78972 90475 54937 86744 458341 197796 311286 415776 403078 420903 370664 316463 208095 227951 159888 119416 163207 140027 157421 78506 47886 69460 335962
citibank 223 4710 6389 2314 4573 45961 168716 156861 19627 49917 82909 81026 174789 247744 213212 65181 196862 267847 323511 322117 319237 455772 205584 137484 132198 96150 210006 327454 211487 246660
citibank 2279 11160 5040 1248 5163 44728 169496 156686 18973 97443 225559 292595 260782 237081 133142 396026 319133 179516 271238 320236 141167 372459 175774 305413 193071 238568 64906 10119 99156 84776
citibank 60 0 10373 4725 350 40661 15461 220182 109735 23675 180329 263874 296557 271122 274799 84026 201304 271932 242788 172205 370676 344986 150577 201775 154773 184573 213595 332334 246801 575699
clevelandclinic 2174 3825 1087 48141 219757 122345 110894 208189 0 0 0 0 0 0 0 0 0 0 0 0 0 0 0 0 0 0 0 0 0 0
clevelandclinic 4023 1713 38636 169967 173690 124534 199639 0 0 0 0 0 0 0 0 0 0 0 0 0 0 0 0 0 0 0 0 0 0 0
clevelandclinic 8562 3826 5130 66 239266 141029 65180 86750 187200 0 0 0 0 0 0 0 0 0 0 0 0 0 0 0 0 0 0 0 0 0
clevelandclinic 979 5811 1087 40210 337737 13374 130610 189019 0 0 0 0 0 0 0 0 0 0 0 0 0 0 0 0 0 0 0 0 0 0
cnn 9079 4275 3598 1087 40684 340095 5705 798668 536097 1262282 1509851 1355152 1231009 655944 910281 1144999 1094873 813690 0 352917 0 0 0 0 0 0 0 0 0 0
cnn 6086 6649 3392 3151 43187 338268 101308 717834 1159967 1406604 1440106 1455388 1409201 1362016 1358153 560933 0 0 0 0 0 0 0 0 0 0 0 0 0 0
cnn 370 502 9208 3632 78672 35953 344296 12952 792163 924983 1216754 1379367 1394732 1421403 1472803 1438235 1403999 381274 78 0 0 0 0 0 0 64139 291416 0 0 0
cnn 6098 6649 2506 3424 45599 334724 20159 800476 1011427 1394483 1229021 1403792 1186170 1160158 1359802 1273446 466082 0 0 0 0 139283 0 0 0 0 0 0 0 0
coursera 9067 3668 2572 3151 42166 222657 133754 78547 179363 295525 0 0 0 0 0 0 0 0 0 0 0 0 0 0 0 0 0 0 0 0
coursera 6074 6649 2572 3881 41605 337392 18848 125490 393312 37286 0 0 0 0 0 0 0 0 0 0 0 0 0 0 0 0 0 0 0 0
coursera 9546 7235 308 1087 49598 329817 18506 110680 131124 437640 0 0 0 0 0 0 0 0 0 0 0 0 0 0 0 0 0 0 0 0
coursera 6086 9166 763 3483 43466 338215 27773 117529 365363 0 0 0 0 0 0 0 0 0 0 0 0 0 0 0 0 0 0 0 0 0
craigslist 2467 7164 7902 6633 5969 49704 187357 145326 23844 102057 198162 164237 212876 226226 208235 251072 252076 245853 235445 29492 34074 126592 240152 163307 231957 1209 214 0 174 60
craigslist 86 10283 4992 144 6078 45529 140984 130548 61876 20073 93460 191676 230558 254435 273037 271088 189152 125412 225774 255238 29952 40256 99290 212955 176479 206350 59384 0 0 626
craigslist 5629 8323 1484 5728 48694 175907 156927 2802 109689 205278 204083 310572 338377 295945 225794 222585 209326 29992 27795 148411 178612 277742 156622 0 672 0 0 0 0 783
craigslist 4940 7342 3775 3178 46527 137694 198685 9241 104069 200985 209680 246604 157970 350732 282457 260491 214463 111721 37619 162506 160709 81844 146647 45742 164807 858 380 300 0 100
dailymotion 5357 8125 3825 1877 40239 337564 2195 91763 109447 567026 1322750 15132 20406 13673 51665 299979 23784 346906 471781 825034 410700 876199 284909 29072 14129 8533 112877 7594 74100 112500
dailymotion 5291 6169 3781 3282 40854 185382 163906 94987 424669 1367170 244888 23014 8807 21650 262523 72941 37734 507308 688952 849796 516722 674187 20615 26151 7124 114688 8157 104338 193451 498682
dailymotion 8944 6390 5327 2080 40640 337779 4439 122166 702176 1296601 22318 11544 7737 24847 326508 26454 96896 275225 493897 411587 769606 291177 905852 13566 19565 25969 3427 753 0 116799
dailymotion 844 13247 3879 870 41115 154087 184481 51715 74233 737234 1232713 22107 11490 7838 26818 302396 57721 22429 504248 605871 874718 271633 880423 126044 15582 39068 5491 79441 60484 111529
doordash 86 6945 6576 3938 3178 42083 179130 108127 62612 24794 89179 184567 238328 167481 191338 290590 226118 251349 176420 162765 162238 198830 148423 218944 270513 280155 192383 222910 242472 293028
doordash 3553 4430 2129 6613 41099 253263 101599 74846 76455 225965 208035 279316 286343 286306 202252 244177 203484 266544 233303 92912 106972 209929 274632 153028 172076 162140 225357 301059 100984 205178
doordash 274 0 12715 4569 1788 17680 49631 138802 140587 44553 46218 65743 126311 138201 92396 103193 107293 124993 186512 329930 75053 92422 92023 281273 253917 259792 158004 198591 97172 206331
doordash 6215 7753 2905 5117 32737 49520 69189 193948 49321 90242 62566 165748 132976 132147 226938 237391 212455 181036 192743 108636 164773 172359 130093 128191 142057 140274 294103 122307 173969 243594
dropbox 1068 12018 12476 1965 22067 44657 151533 186424 8246 95336 57888 218623 181284 175490 182118 254702 186781 174443 251398 269960 175605 260857 291489 200199 170235 227819 223642 133173 217536 442631
dropbox 122734 258250 226763 195014 304801 284037 216139 241680 178347 200941 276638 198540 222607 171925 260036 209132 107203 132557 222839 186924 209067 323325 175394 176570 212679 274365 186228 162659 320001 476239
dropbox 153003 345834 158330 236811 305535 248823 322092 250854 200791 273398 162702 96372 78621 341363 193849 75667 184103 167563 223737 299311 318237 329766 356078 232257 149276 292174 203062 198541 177633 384848
dropbox 124850 243695 235040 285620 188900 157013 250813 210460 199403 282674 258913 163546 256973 255192 261646 189957 196000 185803 173757 128285 302258 353090 274654 232440 332921 264794 322798 207366 269748 408090
duckduckgo 77 0 9710 3826 591 4396 134359 244003 27057 302955 787834 559432 1411511 1626584 223737 21844 798 0 0 242 0 0 0 0 0 0 0 0 559 143
duckduckgo 5423 8243 3598 1848 41406 338612 28299 110321 890257 112480 1153725 1370959 1237174 14337 21425 0 60 0 60 0 0 378 166 0 0 0 60 0 0 209
duckduckgo 231 4290 7615 4174 2988 38333 204694 147308 112733 601568 1351961 1083006 584239 927057 230610 0 0 0 0 0 0 1219 284 0 0 268 448 1183 0 319
duckduckgo 1254 6474 6649 2632 3337 45653 333519 34393 389851 1084140 1371428 1513391 559859 20163 1122 1269 0 0 219 0 424 0 13367 50804 287 141 268 395 0 60
ea 2618 6388 161 29713 75835 274790 47835 277253 0 0 0 0 0 0 0 0 0 0 0 0 0 0 0 0 0 0 0 0 0 0
ea 5433 3715 8080 37780 307580 38697 131261 147319 0 0 0 0 0 0 0 0 0 0 0 0 0 0 0 0 0 0 0 0 0 0
ea 6091 3781 1403 31378 65554 295337 160889 378960 143860 0 0 0 0 0 0 0 0 0 0 0 0 0 0 0 0 0 0 0 0 0
ea 644 3747 3119 3517 333998 55620 132755 77261 0 0 0 0 0 0 0 0 0 0 0 0 0 0 0 0 0 0 0 0 0 0
ebay 4344 7314 4049 3546 41686 337617 13293 120027 791967 1212239 22518 10527 12983 344111 402489 2400 307644 409815 19331 47391 2525 478626 447348 255022 139556 247677 343003 294196 114438 470066
ebay 4855 6659 3715 3085 41330 342090 11940 121445 772328 1229543 45845 112238 642033 218699 495203 16368 9376 37786 720996 516057 92933 214053 363340 50090 120772 36584 428944 50802 176290 344302
ebay 5416 7919 4396 1520 40922 334124 15404 104733 431645 1561486 16632 16875 0 0 61514 699243 518996 48894 13210 37698 465312 853901 202322 53066 516379 302867 382131 192064 200327 252737
ebay 103 4302 7296 3715 3539 38418 340992 4637 117286 777295 1200150 26135 22023 312915 511423 551920 100594 43827 2745 143057 812375 298121 150535 309957 410129 382050 130747 376205 72978 184757
edx 6749 6637 2649 3555 42888 339428 15929 517749 225334 0 0 0 0 0 0 0 0 0 0 0 0 0 0 0 0 0 0 0 0 0
edx 12734 5987 66 1694 49354 331082 58405 198775 0 0 0 0 0 0 0 0 0 0 0 0 0 0 0 0 0 0 0 0 0 0
edx 9063 5712 2435 1087 43386 338573 65706 96885 0 0 0 0 0 0 0 0 0 0 0 0 0 0 0 0 0 0 0 0 0 0
edx 9788 4800 2501 1087 41516 337798 4237 98711 94954 0 0 0 0 0 0 0 0 0 0 0 0 0 0 0 0 0 0 0 0 0
epicgames 157 138 11631 5052 1713 34597 45503 120759 189059 21184 97547 130590 299468 148963 328645 265746 327422 331431 336549 288083 354325 350332 184609 261522 180964 217177 302381 263617 132844 428214
epicgames 285 78 11161 3867 1713 38691 61686 84574 89396 119659 19596 80564 57652 145106 160096 135271 220776 285140 299165 233980 249762 375884 353084 303519 410333 205088 224113 282508 132914 263774
epicgames 330 5169 6672 3649 3658 41896 181877 164248 31172 123727 188164 243857 336438 464331 418707 413141 230362 282755 350374 254045 381245 229771 347136 335966 242708 307354 275558 60952 0 3753
epicgames 2422 78 9131 7141 1886 204 49859 0 157056 195032 49496 110843 362883 272082 411838 354922 174162 221303 167823 210704 281799 6445 2252 25603 330328 292267 0 24969 402878 534729
espn 364 0 10894 5788 6683 4404 33493 98664 60144 130848 73196 51046 60283 45471 55055 9752 3264 85789 49668 66328 27820 27145 51842 40233 11354 66074 33097 21214 110076 43126
espn 5102 222 11460 3865 3045 39100 47878 80316 67146 82812 81224 51402 191245 139980 53693 73091 111078 74640 98618 195187 117369 135693 62828 108560 45036 100326 76043 29495 78824 170230
espn 365 1349 11660 3648 3850 41422 36511 75901 120777 124541 57346 130751 68223 47044 119717 81319 96078 98115 64078 72430 107508 56827 171689 22330 136307 94550 237609 168225 145698 187964
espn 60 1012 6941 5172 4581 7553 42790 65664 100834 68478 113179 75628 80018 102746 89090 96060 122406 115991 71475 81751 106139 58298 91726 132818 49836 125987 116055 138180 104819 132001
etsy 6310 8051 3879 1087 40341 337489 38126 112371 457675 1166278 734988 23554 319 9181 60 0 0 0 0 0 0 658 395 0 0 0 0 0 0 242
etsy 120 6794 10017 132 3858 43017 336890 18128 211653 958815 1112374 203839 10539 9223 0 54 66 0 0 0 481 321 453 395 13823 1707 186 0 0 167
etsy 268 11971 5855 66 1445 45565 336259 17428 129889 707438 1189181 422846 0 233 14517 20753 772 369 3388 0 0 0 0 0 90 0 437 457 2510 54
etsy 3066 6237 8236 3204 3528 42105 338032 16104 119407 849547 1357786 145430 12030 852 9173 78 77 0 0 682 0 0 0 0 0 505 242 0 0 962
expedia 60 78 12050 5868 3001 3973 154881 223782 15982 111038 195870 308182 135992 291461 324261 303553 467692 302926 279632 243653 319611 276463 271788 1336 0 4304 1260 60 131708 291821
expedia 219 120 9644 3820 4782 482 157744 222977 19213 86758 213554 272284 297352 374788 330256 416076 192938 210794 319868 320437 227492 1344 0 0 59812 42307 10653 603 225559 33522
expedia 5423 8715 3610 1486 41690 55395 138172 155803 10464 107807 248086 225159 390659 501263 301378 192480 211885 367316 184282 248812 252750 256714 158399 1354 60 17928 100764 186863 340712 254648
expedia 180 9808 2939 2511 3644 50495 138675 167529 38886 50123 76780 132909 292305 234915 235986 387777 501385 223919 30386 186 0 0 0 120 60 4304 120 60 0 87
facebook 683 13167 3759 1366 40462 338199 4277 133310 638947 1377963 280656 165634 3290 0 663 265 258 0 0 0 0 0 6439 0 0 242 0 0 0 112
facebook 6086 6649 2914 38579 13719 330826 17823 282565 814855 1282087 44696 163748 1381 0 120 250 0 600 395 77 0 4960 1296 0 0 0 0 0 0 112
facebook 1493 329 11569 4380 1999 39349 173865 170147 114741 443501 1563061 304497 135316 51272 3118 693 237 562 830 78 0 0 0 6535 395 0 664 0 0 557
facebook 395 5428 7973 4121 1087 40396 338215 8462 129178 759162 1378244 162453 164187 1157 0 77 0 0 0 625 156 137 5224 1527 124 539 0 0 0 78
fifa 144 0 9981 6985 234 40667 10630 230098 102639 58346 100332 142599 144783 278649 399531 388480 289722 192732 217276 382240 360279 256763 324603 278128 283878 287023 201415 246767 279142 377723
fifa 169 9179 2382 2977 4929 41805 96489 204701 203487 404750 162814 297294 196126 340188 281541 222546 238932 172357 358710 355214 284431 299190 336654 212410 266289 247189 147214 161320 138566 382866
fifa 652 11024 3714 3625 37507 75384 178526 108678 19770 91487 299343 263517 410238 345729 193335 180729 132038 205603 224468 148654 325120 374776 370845 198550 274529 207206 197802 153044 190401 397911
fifa 8708 0 9001 4269 711 4203 50897 208487 137578 51270 287039 292491 181779 423497 224543 344335 220270 346811 409429 463848 433605 286799 262528 231694 426434 400612 327124 410514 348707 367721
foodnetwork 5423 6050 3803 3244 41269 152208 188964 23727 159103 160299 203906 193452 260852 219706 249842 310956 126197 143423 329650 297260 345306 286058 213253 293259 154321 340896 260612 191073 159567 376070
foodnetwork 3086 10617 18619 15428 4448 52721 279745 60649 94749 197322 225098 159291 333536 209732 134259 173482 145688 188721 163599 124586 163964 156835 135877 159036 220760 108683 82979 204787 130442 206128
foodnetwork 4950 9343 2481 3178 48269 176037 166082 43133 175973 193433 159079 189181 235566 219487 122242 269297 240616 369575 245429 347845 258720 206406 245430 353466 317438 187479 75437 178609 144173 436306
foodnetwork 4849 6672 3875 3118 41732 84708 233153 38324 118581 322426 334158 349335 184273 201547 125194 238142 323448 194253 216981 257875 276987 195694 130437 199406 268831 211329 309892 283256 270118 458932
foxnews 6074 8649 2572 3312 41944 336105 10699 102593 396466 612570 774546 946392 446117 485138 675291 600452 889884 437324 448380 555427 605749 498916 253731 314231 374360 0 0 0 0 0
foxnews 722 11293 6533 1000 1301 48805 345391 30802 180605 424952 263711 733287 818181 828957 833361 1337359 1413032 1172213 218399 354715 203557 124813 195189 54679 30836 52539 40740 270690 106063 0
foxnews 473 12368 3781 3205 38970 311803 33393 140536 478649 1598864 740174 477365 546244 404717 412124 792919 818477 763342 708331 65930 258383 417791 470288 263735 282263 107448 125657 137954 0 0
foxnews 6534 8179 4027 1678 40276 337651 15342 128427 866591 1443529 1380178 654079 1381267 1325293 699528 49090 373550 184773 202637 30870 29068 216663 480041 521285 14063 0 0 0 0 0
github 226 4344 7419 4039 3064 40348 41793 155808 151327 65679 96899 133339 203241 266414 198382 93760 255229 166582 187764 203498 211202 159598 199664 345014 294709 201466 58348 164634 82922 175563
github 239 11509 3649 1713 27698 54100 209283 100333 89325 149951 194420 218157 330553 187162 141137 252722 233835 229272 326025 204048 265342 247376 267784 195831 226062 107457 184181 153699 131893 250085
github 5438 7426 15953 4110 46383 140785 193526 9480 105451 79697 126048 241400 179954 269159 297234 182533 317170 185661 335990 137000 310298 246915 274716 300234 216818 150530 310446 251995 220205 283568
github 7543 6637 2499 3527 45636 249022 89748 96243 150502 231920 312334 401129 221153 106394 241234 266122 319622 204914 288795 161352 183376 294941 198792 272676 172039 207775 246548 416400 276234 468890
gitlab 60 60 13548 3473 1876 35578 25333 169985 146212 21108 83475 103374 122041 141478 101580 73537 89662 96885 65879 33606 125895 69569 89413 77139 123371 36528 146624 23316 52131 176141
gitlab 2240 1850 9500 7936 2411 2054 82505 50904 136803 120659 37235 70760 105216 199854 81991 106297 85823 123226 85140 271028 198882 89838 83586 188921 141551 141631 65390 45140 66155 211022
gitlab 1311 163 11817 3714 3145 37507 77931 136398 115522 28413 93434 106748 162965 186757 301498 229385 153356 211766 171546 278954 140786 162267 141396 131064 150445 117514 40062 60929 77497 58432
gitlab 4212 7415 3840 3755 41908 160249 152845 43585 91146 43612 57123 110120 122596 112896 26274 124183 161975 122427 170770 52289 213628 132833 199395 63444 123988 131423 33626 78920 138449 62988
glassdoor 147 2412 14071 3737 3090 3440 132685 139915 108896 22331 115742 158356 165704 196118 103679 191627 159592 78329 216270 228722 136914 158470 140153 184330 198536 143567 102857 150582 91449 150634
glassdoor 60 10356 2806 3802 3094 41503 20027 37117 33686 53591 183317 37923 89819 98883 201366 258058 287151 200781 232001 158020 200356 176359 243297 76947 172430 194695 107747 94922 146258 336383
glassdoor 627 4975 6672 4381 3052 41601 86009 171921 93762 26726 105575 170612 139180 145968 178011 200038 171593 195219 276782 231901 109213 286370 187342 193391 156141 169833 284332 133564 232392 408504
glassdoor 2150 1888 10295 7938 5196 40519 104626 237312 9231 37222 82655 158790 194187 149781 207150 269821 203176 187617 279909 222263 258446 244611 262187 317095 342752 234419 208245 229494 326624 269464
google 4457 7849 4369 4775 40942 339341 6120 123910 492655 1026823 981061 332232 159427 207647 243149 22231 0 141 2164 0 0 4245 1483 0 132 264 0 150 268 727
google 66 639 13342 4001 144 1425 120589 257449 99935 326171 1308669 909336 336675 238603 319956 39312 671 0 1822 135 0 0 4416 879 77 0 0 0 0 90
google 5357 6169 3781 3205 42104 336652 13723 133227 1180548 1002296 422629 302909 299307 226829 18052 598 1326 798 0 0 0 5005 467 0 66 132 78 1272 0 60
google 798 0 9133 4664 1464 3361 45235 271656 65843 80898 258009 916853 1355313 358517 214991 316622 38500 349 154 1438 0 54 66 5099 69 242 0 0 1089 300
hellofresh 406 11455 3649 305 12964 42754 147219 181263 41216 89930 218660 222837 286232 191349 229023 204918 183444 234642 138215 159199 237083 184463 151840 222377 120600 92538 74947 98225 60255 186433
hellofresh 14404 9241 4347 237 234 19397 86117 145747 147118 15068 120449 186481 228683 183016 144658 251005 221035 164945 91171 137824 185411 136962 175059 242279 202192 235673 316302 158167 218776 331099
hellofresh 60 12533 10149 4171 3052 41914 78203 104880 104500 61080 30035 114181 163911 212459 213349 140942 259077 245730 258846 215248 238459 152827 119101 141058 121606 194444 360763 167666 163534 314332
hellofresh 197 86 9770 3798 2471 2120 99345 194841 84807 7153 94155 112392 196383 214015 142128 129641 257134 201460 252774 237384 116589 157828 130885 200451 258080 152488 107386 105470 202642 229653
hulu 5868 7581 2572 3205 42027 337392 8757 128189 885650 51904 0 0 0 0 0 24028 0 0 0 0 0 0 0 0 0 0 0 0 0 0
hulu 9060 4275 3814 1087 40198 340155 4236 122126 434104 0 0 0 0 0 0 0 0 0 0 0 0 0 0 0 0 0 0 0 0 0
hulu 9067 4536 3825 1087 40486 338221 11718 125616 549448 0 0 0 0 0 0 0 0 0 0 0 0 0 0 0 0 0 0 0 0 0
hulu 4855 6671 3959 3301 41159 338089 5589 124816 366668 0 0 0 0 0 0 0 0 0 0 0 0 0 0 0 0 0 0 0 0 0
ibm 6079 6637 2572 3204 42093 337691 16596 127670 679486 0 0 71789 57651 0 0 0 0 0 0 0 0 0 0 0 0 0 0 0 0 0
ibm 5357 7985 3825 3003 42562 347946 15607 149886 49557 0 0 0 0 0 0 0 0 0 0 0 0 0 0 0 0 0 0 0 0 0
ibm 9277 5443 2435 1087 42506 346714 16038 164776 447398 31942 0 0 0 0 0 0 0 0 0 0 0 0 0 0 0 0 0 0 0 0
ibm 4933 7712 3310 6448 43972 337606 19591 245550 384296 0 0 0 0 0 0 0 0 0 0 0 0 0 0 0 0 0 0 0 0 0
imdb 4933 6666 4305 3138 41995 206271 135580 24570 101565 206409 71886 141257 277338 267309 279872 225327 313499 246199 163982 315936 146823 257959 189138 122667 187593 300353 251687 253039 190971 279531
imdb 373 1952 8998 4218 4839 40651 180653 162425 25731 106200 199906 213114 200232 281550 168376 255419 207219 245079 241781 154093 236334 275006 195473 237730 335876 264666 202459 170122 294755 317095
imdb 2644 4990 8077 4229 3490 40150 149591 154387 54939 98136 79933 186668 164759 239062 141682 125880 195814 294588 201008 289737 252505 218049 322102 252623 353820 346259 222807 219017 234687 316956
imdb 5188 6758 3649 3184 41081 46500 221870 92339 12542 106330 263048 248725 276858 288826 56698 149960 245011 252107 304435 246318 426142 430987 272696 350564 340333 324907 269490 215178 103327 131038
indeed 128 838 17122 5911 2638 40250 67541 206556 69244 62882 95325 117769 220297 182761 139963 223004 126627 168766 161026 238430 183378 232040 70839 131726 111606 45706 1558 344 690 568
indeed 60 78 11221 3617 2404 6642 111968 188159 84928 26238 107740 54080 90690 202238 245036 231357 141789 180805 132413 251812 161172 130982 110084 229790 152486 33396 22590 918 0 60
indeed 3075 2827 13286 3539 921 39082 17639 162082 127756 59435 45998 124074 122827 122695 239344 221003 41006 121293 174511 215208 204263 242746 302321 244763 10631 20640 768 5565 488 60
indeed 6161 7758 1418 3345 50334 116134 112393 74185 52516 40553 92523 87138 125538 268764 74400 164814 161784 137352 161991 173224 142604 113776 88385 116969 192684 154607 133214 35646 20397 2119
instagram 9055 4539 3759 1087 41065 336737 10075 114578 697445 1308876 82459 254160 1044765 657742 383004 9174 482472 868629 1247946 19292 155 0 370 0 0 7441 4680 0 1416 270
instagram 5357 7973 3759 1329 40606 337720 13233 119635 976648 997447 50057 109041 1120015 1141448 8395 394446 38796 161957 358855 927910 752870 138 337 1154 7630 12411 90 0 0 112
instagram 4855 6659 3781 3085 41116 337856 12504 134925 602964 1441477 616313 1414587 358077 388410 252137 707617 1273359 1276 0 0 1676 81 0 7651 2081 0 179 0 0 105
instagram 141 4212 9410 3759 1087 40455 339774 9588 120479 532054 1275866 767440 1276658 557856 63814 337852 97769 242106 668713 1235796 0 0 0 0 26405 0 2323 0 0 122
intel 5500 7919 3825 1366 41494 339290 6789 117813 386082 0 0 0 0 0 0 0 0 0 0 0 0 0 0 0 0 0 0 0 0 0
intel 5555 8199 3711 2281 40450 339167 3459 110774 198785 0 0 0 0 0 0 0 0 0 0 0 0 0 0 0 0 0 0 0 0 0
intel 5357 9253 4268 1087 40330 338719 3130 110911 232880 0 0 0 0 0 0 0 0 0 0 0 0 0 0 0 0 0 0 0 0 0
intel 5423 7907 5534 2782 43221 338570 7164 117691 485809 0 0 0 0 0 0 0 0 0 0 0 0 0 0 0 0 0 0 0 0 0
irs 9052 3879 78 1425 63075 314477 93574 192958 0 0 0 0 0 0 0 0 0 0 0 0 0 0 0 0 0 0 0 0 0 0
irs 7224 3781 1713 38954 30403 312251 104874 21412 0 0 0 0 0 0 0 0 0 0 0 0 0 0 0 0 0 0 0 0 0 0
irs 8439 3598 2733 38725 151849 192904 105433 27435 0 0 0 0 0 0 0 0 0 0 0 0 0 0 0 0 0 0 0 0 0 0
irs 6418 5288 3540 38966 90801 251306 103847 23931 0 0 0 0 0 0 0 0 0 0 0 0 0 0 0 0 0 0 0 0 0 0
kayak 852 0 11472 3780 357 40325 34195 270583 51296 110391 184975 202275 245394 338246 352197 306223 339780 344292 112903 235483 473800 340706 378512 29295 76357 287825 290764 254470 309278 238269
kayak 4951 6671 4774 3314 46082 259632 83046 76735 116353 324479 277239 224886 220612 466284 370278 450001 446361 259898 308808 323388 13667 68282 238886 333215 227924 199106 242975 200810 202714 245363
kayak 3665 12653 4566 3244 46555 329782 22312 62010 100171 215539 254099 354294 320155 471937 352201 294109 426460 334833 408704 196057 53923 47379 92228 223780 363120 176975 280472 457544 279405 212072
kayak 3703 0 11460 3648 1713 3360 119338 269718 9454 113294 354404 368163 462963 437942 310510 299119 472665 375400 289390 341936 33629 43690 172796 271943 315213 88476 170310 287724 286098 408289
khanacademy 6246 5339 4025 5185 41544 338254 22103 209630 48298 0 0 0 0 0 0 0 0 0 0 0 0 0 0 0 0 0 0 0 0 0
khanacademy 5974 8540 4044 3085 40710 338952 16441 149768 102355 0 0 0 0 0 0 0 0 0 0 0 0 0 0 0 0 0 0 0 0 0
khanacademy 4855 7011 4076 3185 41346 339734 17378 148054 84002 0 0 0 0 0 0 0 0 0 0 0 0 0 0 0 0 0 0 0 0 0
khanacademy 4714 6454 2174 4906 42027 337235 23696 258195 90054 0 0 0 0 0 0 0 0 0 0 0 0 0 0 0 0 0 0 0 0 0
linkedin 397 4290 10623 5242 1087 40409 339398 3894 118659 633869 1353796 68604 390747 288004 771 3612 48041 285288 127710 77688 0 132 0 88 0 0 10945 4272 2028 295
linkedin 9067 4275 3664 1087 40420 338143 8232 124454 982868 1025020 429645 226005 6524 60781 166476 113718 103514 1359 531 77 0 0 120 132 0 0 0 0 0 1794
linkedin 5622 7919 4558 3103 41535 339431 8743 134333 929928 1081202 6443 15765 11765 0 588 860 0 0 310 150 26560 422782 211136 2726 0 25207 132351 45502 0 0
linkedin 6023 9039 3759 1087 41480 337773 13927 111619 607029 1404877 433184 230233 3714 0 61035 181770 144232 159147 36887 290 0 0 0 0 0 0 0 392 1364 713
mayoclinic 6812 3781 591 32472 51401 300579 80842 355212 0 0 0 0 0 0 0 0 0 0 0 0 0 0 0 0 0 0 0 0 0 0
mayoclinic 3970 3759 1165 40594 115856 223761 102112 310860 0 0 0 0 0 0 0 0 0 0 0 0 0 0 0 0 0 0 0 0 0 0
mayoclinic 2825 3879 1087 40120 153429 184953 104790 714883 0 0 0 0 0 0 0 0 0 0 0 0 0 0 0 0 0 0 0 0 0 0
mayoclinic 6710 4424 1713 42144 114403 225736 102828 718970 0 0 0 0 0 0 0 0 0 0 0 0 0 0 0 0 0 0 0 0 0 0
medium 138 11656 5152 2680 65321 83387 238826 58852 118308 145521 342761 282690 211716 186212 222372 285636 333605 218622 208180 246305 405398 379699 258325 147380 39525 0 0 0 0 1646
medium 1625 502 12982 3605 1207 40166 45381 237785 78787 144991 236081 296384 364205 400830 365206 164256 316392 115393 239451 29102 217066 159007 143624 182633 230382 237486 130691 44881 180 168
medium 141 0 3683 8796 3478 5162 122175 256678 9687 133355 146987 304033 394478 221401 251751 225472 306434 369214 372858 366555 101606 307240 176107 279207 48160 895 71 818 0 3359
medium 3207 86 15916 5828 1087 41470 73491 268718 23258 132214 222483 381269 338867 232717 226268 282022 354087 313559 300317 287137 186245 230406 146987 237909 150920 891 852 60 0 533
microsoft 4855 7066 3781 3205 40776 338821 2994 121893 243492 0 0 0 0 0 0 0 0 0 0 0 0 0 0 0 0 0 0 0 0 0
microsoft 5435 8655 2122 3343 43086 336698 8950 225698 282752 0 0 0 0 0 0 0 0 0 0 0 0 0 0 0 0 0 0 0 0 0
microsoft 735 11089 3978 3342 38834 148751 194334 103761 258111 0 0 0 0 0 0 0 0 0 0 0 0 0 0 0 0 0 0 0 0 0
microsoft 6696 6939 2270 3364 50584 329823 18893 167088 180950 0 0 0 0 0 0 0 0 0 0 0 0 0 0 0 0 0 0 0 0 0
mit 9052 3189 1087 5154 46610 332538 40973 190765 0 0 0 0 0 0 0 0 0 0 0 0 0 0 0 0 0 0 0 0 0 0
mit 9306 5379 66 3498 50073 330505 52454 96592 0 0 0 0 0 0 0 0 0 0 0 0 0 0 0 0 0 0 0 0 0 0
mit 1004 10444 2765 4577 129535 253313 62197 84134 0 0 0 0 0 0 0 0 0 0 0 0 0 0 0 0 0 0 0 0 0 0
mit 9118 3693 66 1503 49801 331117 17446 175104 0 0 0 0 0 0 0 0 0 0 0 0 0 0 0 0 0 0 0 0 0 0
mlb 625 5042 11074 6999 3280 37348 86533 163684 104630 118058 260679 156677 262764 249439 256810 277314 210681 129606 132667 100748 54660 74116 97649 166643 190800 213072 259240 372449 362253 524060
mlb 6086 6852 2249 6337 41291 61537 247690 87080 199848 233589 302566 293574 242254 118712 122207 196806 304937 179651 225207 338514 152192 300288 246612 154346 242513 486536 261499 362406 230555 306122
mlb 60 144 9483 4209 3209 7221 132853 245714 16624 238798 173281 212794 143873 244602 303416 180175 145696 135446 229512 109589 157368 150720 142716 444586 434092 313329 215487 180560 164743 141356
mlb 60 856 12717 5101 7482 26848 206868 154990 152178 140022 274703 296476 225252 145791 108921 275023 286397 347023 254571 118657 294278 247961 300998 304626 86711 389559 193107 252791 296834 483054
monster 156 5711 10729 10345 44395 65629 141101 145890 155576 186960 261808 269767 324890 210103 308791 194770 156071 189186 182168 132387 275385 155740 189325 253690 288184 124992 177162 160608 211252 285248
monster 1970 502 12637 4134 1465 39951 76667 198060 75112 157318 245870 199545 178248 88311 109979 75927 127045 166313 239764 255058 262228 148153 279442 250332 236154 226918 255860 324961 271449 482850
monster 401 78 11383 4338 3238 38011 89038 226009 52432 145777 253351 254763 243890 360204 362358 335942 337083 192490 180048 141256 142116 399368 374274 400408 257406 140725 294442 178026 278022 375336
monster 458 1996 11757 4030 3785 39349 80053 243716 177301 110518 183622 194721 222111 337960 195048 122172 268525 283293 195484 255350 122758 223828 175342 304420 219474 202592 229414 249783 238036 512772
nasa 9883 4802 340 37119 10041 335962 21687 197013 386011 0 0 0 0 0 0 0 0 0 0 0 0 0 0 0 0 0 0 0 0 0
nasa 9745 7642 66 1087 49962 328896 41108 282166 266072 0 0 0 0 0 0 0 0 0 0 0 0 0 0 0 0 0 0 0 0 0
nasa 10805 4358 150 38906 16276 328649 84671 379309 0 0 0 0 0 0 0 0 0 0 0 0 0 0 0 0 0 0 0 0 0 0
nasa 9052 3879 78 45208 17828 325718 99486 488353 70109 0 0 0 0 0 0 0 0 0 0 0 0 0 0 0 0 0 0 0 0 0
nba 5166 501 5366 8443 2439 14424 32035 167769 143175 36713 112903 187111 216572 263366 284494 309503 323006 338876 68998 21210 625 0 327 0 0 0 362 0 187 84653
nba 121 0 4780 7409 2794 6782 71590 112168 51785 84699 71717 35707 76152 83996 75967 101803 135109 121392 86753 107664 124538 86946 84684 75090 105404 131846 242409 60956 199951 113818
nba 90 146 17925 3695 357 9366 50730 165829 162977 10869 114472 176160 217894 161179 302645 214625 256862 294195 308346 52821 23026 1359 6185 2309 1376 2564 0 0 0 81540
nba 181 0 5600 4763 3778 4804 46953 282975 63303 93139 279170 283882 391710 328124 361951 176486 179513 12077 79665 209430 397892 426943 149108 110893 176250 182140 130952 181823 82363 395591
netflix 5357 8179 3760 1087 40445 339402 8517 124931 242290 0 0 0 0 0 0 0 0 0 0 0 0 0 0 0 0 0 0 0 0 0
netflix 1412 13079 5305 2459 41361 124518 220741 96761 86283 261924 0 0 0 0 0 0 0 0 0 0 0 0 0 0 0 0 0 0 0 0
netflix 4442 7684 4073 3205 37717 208305 141295 96246 368460 0 0 0 0 0 0 0 0 0 0 0 0 0 0 0 0 0 0 0 0 0
netflix 5423 7919 3759 5293 45792 124135 216353 14656 93127 145239 141354 0 0 0 0 0 0 0 0 0 0 0 0 0 0 0 0 0 0 0
nfl 4304 8436 1630 2599 3398 42156 155873 187038 7832 134480 166563 251516 210776 230974 393974 228281 281978 237208 276611 173391 307313 240751 386350 275408 245036 212341 417092 277183 464555 475817
nfl 5967 5398 3614 4524 69222 310543 7220 114928 80058 203436 159740 172172 293445 258643 280733 224406 201116 174517 256895 286617 263274 228093 109251 183530 220256 134422 74110 68842 144088 437530
nfl 126 5284 9286 3729 1087 40883 286641 55670 69973 215455 296717 459209 474668 180760 247401 210034 159897 132345 231171 223462 235694 434472 218617 229534 247653 231035 248638 256257 230263 627613
nfl 1938 66 11447 6613 1537 15799 45351 238022 92841 21873 104315 347914 158799 169463 167670 95627 109163 125927 201484 158125 111704 112592 98777 146244 159957 108085 82051 115551 87736 205165
notion 4879 4945 4414 5112 42165 215868 125858 31057 100421 175610 223818 116566 146352 235762 193340 275323 301144 204592 345751 423889 124248 132218 142391 430704 320630 223161 300810 292812 354976 392704
notion 369 0 6074 7334 2572 3181 45822 199364 142841 32898 96167 276210 177961 330401 283519 327503 388653 328368 398592 352518 300682 399088 272514 288361 410150 337973 365288 359676 279598 333446
notion 60 9148 4390 3871 1087 41036 251300 96083 108142 84410 303301 229180 312595 370778 215179 193819 196952 69078 55397 26120 60763 74508 110860 174567 93859 40360 20661 118034 91971 229745
notion 120 11102 6208 579 38856 13971 73130 125373 139925 25367 103170 177058 185045 212625 234785 285962 199023 191940 193080 247625 247143 98574 193372 158502 218207 382374 356422 342120 359691 655555
nytimes 949 6246 7391 4146 3271 41961 337761 18620 331826 781164 1403711 1216353 719548 796661 567082 181729 225269 134757 386750 144681 58277 302107 117617 306161 439589 559463 88904 135162 364550 37771
nytimes 5547 7853 2562 3453 40972 338513 71683 476096 1677287 1556257 1663315 635130 206516 100792 430841 103133 23051 898 140015 210590 250516 157143 297601 102941 342484 833673 43628 4465 83056 21920
nytimes 9091 4275 3598 1087 40523 338588 59907 328029 1581403 1458186 1749039 788370 168526 195953 451572 102223 21690 136915 222930 175623 409087 222635 606660 598704 33223 0 0 0 0 0
nytimes 4787 9363 4109 3666 40740 239119 112544 371612 1507322 1111122 1086714 1400468 681152 169603 14860 442487 92280 144890 225658 96858 103145 42081 439664 100770 302083 95390 312977 506431 12525 11327
pandora 5423 8984 2572 3271 41949 338392 14288 137218 434426 0 0 0 0 0 0 0 0 0 0 0 0 0 0 0 0 0 0 0 0 0
pandora 897 11012 3715 2010 37516 229612 117909 122363 448369 20175 0 0 0 0 0 0 0 0 0 0 0 0 0 0 0 0 0 0 0 0
pandora 1683 0 242 0 0 0 0 0 3010 19331 366479 24274 110539 164443 0 0 0 0 0 0 0 0 0 0 0 0 0 0 0 0
pandora 5740 6558 3781 3667 41674 336969 7474 116320 148844 0 0 0 0 0 0 0 0 0 0 0 0 0 0 0 0 0 0 0 0 0
paypal 7603 7767 3890 4425 41874 214426 138311 93709 172519 257424 221446 320800 235852 225458 239576 119854 274914 89540 230003 352819 428892 197224 77114 72506 212133 207870 170243 179236 92124 23088
paypal 9111 1054 3554 4429 5484 41641 228111 112460 99328 116910 303108 225261 308082 189590 44110 191161 185466 152930 256938 305992 388907 249514 339364 98729 93427 166500 222325 174603 222478 89956
paypal 1293 5221 8688 3515 1087 40609 93408 185730 71676 44287 80777 201897 193638 220948 193800 142322 242285 223194 286441 296293 328446 269452 158121 185410 255109 185012 160184 174241 93345 229812
paypal 5357 6321 4091 2974 40556 73124 52532 80268 106187 44595 93264 140114 278794 253445 135589 106342 118419 290199 262201 158422 316669 434933 230301 326283 233832 77821 42924 84983 173762 227662
pinterest 525 6450 9143 66 3432 52596 329843 48621 95223 1018282 1082490 647313 364168 268809 1474113 1980254 1744501 1774158 1755908 212588 0 0 0 0 0 0 0 0 0 0
pinterest 872 5436 9086 4220 1087 40144 338121 14914 190409 881141 1540292 664010 253013 487365 1537455 1773155 1622701 1655068 1063171 0 0 0 0 0 0 0 0 0 0 0
pinterest 1389 10974 5728 2435 1738 42793 337204 21115 260094 1171073 1551883 335860 403866 1295094 1550938 1270733 927452 970805 911059 1143867 0 0 0 0 0 0 0 0 0 0
pinterest 9055 4275 3759 1207 40618 338557 7031 137036 793982 1294116 509940 514394 265085 231764 315066 424613 420989 683400 462503 561859 685054 817512 969040 1172774 967120 536043 0 0 0 0
quora 490 5357 6230 4155 4169 41194 33836 61135 51681 59683 97174 49529 10344 78307 94827 135939 124006 172824 137313 98459 99838 101075 207092 71319 73224 149314 190787 110061 350782 328730
quora 292 732 11545 3805 7396 41050 97693 170665 80334 30776 158640 329322 400722 179349 237014 218559 256877 263199 275536 285188 325965 295389 293322 237304 226912 199985 280978 361013 149536 364695
quora 13825 29570 30518 16875 4734 41639 16787 154368 185341 12476 106456 221956 188969 128788 125838 280984 137331 180497 166955 105653 238841 237426 223397 296330 159313 157751 168542 153355 275772 177847
quora 5733 7884 3781 12948 32082 56192 74714 94567 79636 127658 90712 64312 80745 76360 61012 158214 94942 112049 90723 155066 175327 110849 79249 112541 177722 195409 168239 28272 165048 261940
reddit 6230 7931 3824 1087 40478 339808 10112 131600 127503 0 0 0 0 0 0 0 0 0 0 0 0 0 0 0 0 0 0 0 0 0
reddit 9421 12809 15325 10390 43619 338915 51983 382459 0 0 0 0 0 0 0 0 0 0 0 0 0 0 0 0 0 0 0 0 0 0
reddit 4669 7314 3781 3084 41049 338707 15027 144074 128360 0 0 0 0 0 0 0 0 0 0 0 0 0 0 0 0 0 0 0 0 0
reddit 4272 7798 4426 3271 38512 334162 13301 128777 115196 0 0 0 0 0 0 0 0 0 0 0 0 0 0 0 0 0 0 0 0 0
roblox 86 6814 6506 2506 3353 42028 226457 120225 44254 79855 180670 114575 138318 190615 287762 363564 428126 371829 359432 329891 390523 368075 260451 200262 242425 318833 379028 65922 16614 60
roblox 5420 8842 2440 2954 48968 95110 87789 163626 12986 84951 41901 243321 206075 263765 354430 204269 163013 282310 202875 231298 209790 199063 326691 257739 248307 253953 276329 150373 200816 509531
roblox 8923 4211 2555 3692 110594 159980 125691 63821 80113 295446 202285 278409 293531 342894 252870 269475 156889 365776 176299 308715 333732 213964 207547 96309 96963 155432 132198 150688 117607 145389
roblox 9370 1659 4587 2237 51020 113140 151024 76858 60173 71212 204407 249086 333197 304412 386464 334355 99487 282044 399004 290783 266646 351949 246922 84703 259595 365753 262262 207169 64225 15861
shopify 86 0 1360 8343 4168 5245 20802 82469 134502 151852 128791 101991 294274 179440 295259 217001 187720 159753 234723 208340 214595 299578 310801 177314 187578 170911 129022 174890 147328 388310
shopify 10490 3634 2501 2406 61673 182885 146840 116316 89559 102361 158276 247431 151806 129350 68592 116101 96578 95439 113188 130033 178881 105029 169116 359451 243230 251178 258178 135125 215465 427725
shopify 60 11389 3735 657 2656 51665 319954 18361 183095 187408 395796 413394 219508 284851 388477 422480 234694 112491 105907 223286 321738 311217 289750 124007 341805 201722 119872 91699 38313 49107
shopify 622 628 10881 3715 3106 41753 131487 200892 27951 191875 205099 317100 270786 325094 281886 273744 218532 269289 239833 297252 228461 288923 276085 324766 265651 223348 244368 281086 22832 60897
slack 60 0 6040 7915 3583 3251 40669 76269 266574 10836 139408 352989 164498 66027 79064 211491 117521 121912 175253 129209 138073 45493 116332 153070 150010 148735 194217 189506 221998 343636
slack 349 1129 294 9692 3914 3888 40210 216608 93892 719 799 86 618 0 1268 50737 9965 140181 114007 179332 175509 111507 137929 180624 137612 267332 189782 216916 199896 448718
slack 60 1580 10882 1209 595 775 80068 107390 183892 51391 69615 105067 209639 202536 236158 363355 209163 222994 206509 246957 343681 332157 331429 208346 265130 351472 320339 222027 213551 256769
slack 7489 5164 3642 4762 46153 224156 119308 44713 167114 387002 265180 285338 290597 383252 173198 142593 120780 274563 216030 321901 208585 152627 221178 302198 183358 177407 233424 192036 173612 597209
snapchat 60 502 11645 4177 3266 37737 88942 126135 132846 6465 60 0 86 0 274 0 60 0 867 113433 175144 317408 295669 231773 329930 219726 273368 110531 90092 322065
snapchat 1421 1442 4290 7431 3583 2954 40579 118377 193930 41659 141617 104441 137234 145178 204544 164562 327164 131553 424987 424522 258862 293202 334848 313472 316110 346608 281832 81024 91950 508313
snapchat 4849 8274 2440 3663 43097 238908 101418 31484 129803 206681 225327 204048 260483 315697 181968 181572 240138 289119 330298 339724 268344 220378 220994 299446 214746 232273 252290 237819 147337 630792
snapchat 5633 5965 4636 4608 25378 49686 130225 73008 112504 60402 65851 96678 211437 228115 243425 199692 245753 287806 195388 257744 326761 367450 382114 186473 179200 225858 156496 213683 225761 284693
soundcloud 4454 7307 4409 3085 37985 303927 41168 102122 29858 0 0 0 0 0 0 0 0 0 0 0 0 0 0 0 0 0 0 0 0 0
soundcloud 4855 6671 3781 3151 40908 337514 3201 129544 828839 252944 0 0 0 0 0 0 0 0 0 0 0 0 0 0 0 0 0 0 0 213
soundcloud 5157 6853 3781 3364 37783 312325 33315 119715 234263 774454 0 0 0 0 0 0 0 0 0 0 0 0 0 0 0 0 0 0 0 40631
soundcloud 4986 5256 4015 4964 36079 184921 157654 54027 156220 0 0 0 0 0 0 0 0 0 0 0 0 0 0 0 0 0 0 0 0 0
spotify 6086 6661 2572 3484 43045 336777 13251 134564 366310 0 0 0 0 0 0 0 0 0 0 0 0 0 0 0 0 0 0 0 0 0
spotify 9808 5379 280 3378 50261 329266 17464 263547 44376 0 0 0 0 0 0 0 0 0 0 0 0 0 0 0 0 0 0 0 0 0
spotify 5532 8087 3759 1500 40643 338155 9769 140176 278883 0 0 0 0 0 0 0 0 0 0 0 0 0 0 0 0 0 0 0 0 0
spotify 5350 7973 3879 1906 41117 337427 13405 134329 166663 0 0 0 0 0 0 0 0 0 0 0 0 0 0 0 0 0 0 0 0 0
stackoverflow 722 11382 3715 1713 38774 37130 235017 77100 46404 73895 97034 169232 248811 122767 210207 253703 294417 305456 175299 143249 89013 284870 186467 191201 170814 56921 227773 142490 230835 122414
stackoverflow 5417 6462 6218 5545 40507 79218 104957 84351 82841 16696 136449 118900 98567 76258 116506 275767 262512 119808 177382 235828 250517 175030 157804 264938 188037 223435 246057 200306 291720 409692
stackoverflow 1125 164 10706 3724 4686 23957 151981 103834 106560 15603 129352 104564 151313 231656 250180 186919 200885 278999 156293 103326 200906 105122 212243 234012 167589 176166 276160 216507 227880 238652
stackoverflow 5602 7443 2657 3592 25412 23387 142660 189885 9245 53273 141099 209291 303047 386733 235948 249149 218802 288005 223547 167832 196118 163457 231403 133454 214279 219211 167234 116856 82472 166290
steamcommunity 206 11388 3583 717 28929 67073 286671 16013 114102 274554 230896 153430 208766 310810 282862 258886 483268 384812 406107 104172 237082 290514 341378 186944 259087 241461 293655 369217 280558 262370
steamcommunity 6683 6322 3775 3140 40036 23182 220457 62922 42214 33463 72939 81617 87971 60451 45487 123511 61618 37517 58952 66610 49672 69346 96068 51106 113491 39035 63567 92140 88628 169210
steamcommunity 526 676 13382 4163 1087 39698 61055 201652 88641 104023 63600 247344 170589 114865 130434 252299 347388 264064 392114 315158 230952 252122 270419 282783 360534 261907 264045 146627 331743 567935
steamcommunity 579 10654 4541 2935 3172 104410 151936 134433 10334 114041 156398 198440 184235 217933 165936 383024 371750 131214 165554 268224 332276 277825 287696 196568 292457 372867 354808 489558 304346 626512
tiktok 60 4150 8989 3741 1827 40490 74633 196642 77478 82317 55873 157956 129444 125617 167506 159832 184448 279769 284373 198612 237178 166305 204664 239558 111139 146915 207566 334346 142453 364056
tiktok 7232 8181 3561 1651 40367 144227 204958 17998 106218 179283 284823 189838 350654 321519 397788 228853 169068 185276 303635 182401 112516 313310 272906 277830 173176 124046 111352 223503 266530 289300
tiktok 6007 7974 1266 3496 41619 148929 132038 73291 91756 117736 307818 286905 106553 291494 306187 284057 402852 385137 145062 151757 266343 234120 187012 158993 191939 66443 127300 96319 42019 239567
tiktok 1415 20121 94381 252045 174934 37917 33353 276549 49642 57899 66397 282247 252579 311201 398830 263515 290679 184777 210857 243222 519595 265894 201572 282261 243880 229346 173267 33756 212745 290757
tripadvisor 726 13509 4276 2221 40937 47588 293133 17583 101524 221566 342736 385920 445438 497269 396728 205566 22934 377 17328 0 0 0 1305 1218 350 60 0 196 214 458
tripadvisor 1887 7018 8934 8878 2941 15953 174560 204944 58422 174998 362614 318465 314955 272626 266456 268450 222216 224593 13649 16971 0 852 2332 130 228 767 864 1527 135 2127
tripadvisor 272 156 9488 5320 4848 40901 193436 167856 46128 161381 212900 211642 205946 248794 307865 281752 252778 255636 196398 118057 27158 33807 4624 342 4304 380 0 0 16589 3330
tripadvisor 9091 3409 5722 4549 72653 283204 35715 95225 240930 310864 308311 334751 237920 431593 410311 111883 23338 1547 198 70 1238 1842 678 6598 1193 3851 58106 0 0 60
tumblr 5213 6170 3649 2998 41775 178986 170189 50703 310206 153537 95448 49389 88980 105653 235570 321224 375473 340383 231830 139222 138374 156427 183241 216599 110537 240631 171251 257988 226636 361863
tumblr 948 13266 3605 1087 40100 89650 256711 48854 230638 123396 111086 117865 103628 143575 199788 194936 221510 224136 213622 241526 154302 155412 141163 208872 217232 129380 131293 88161 153496 383828
tumblr 4986 6710 3715 3405 41516 166881 168352 50312 177716 295052 277894 95742 100246 256371 307614 205091 162122 242868 167055 223380 146712 196265 277207 100798 165096 220512 275632 289585 90225 328801
tumblr 4650 7141 3649 3472 41775 250098 104177 110330 292684 176585 204620 276993 358703 361087 241608 187206 202190 269313 311172 341443 361710 238216 530032 337903 317254 279960 330294 283505 194132 322215
twitch 4350 9064 3759 1087 40252 228478 111470 109379 447582 1162754 1113953 774437 17281 392769 416384 16882 1909 188479 648110 124070 99326 572 2476 104069 168718 51905 90810 118476 677024 2078726
twitch 5446 6823 4054 3444 40830 230152 119047 154560 676417 1401999 697074 731647 395498 379038 4071 3215 180089 473821 292709 98111 167 106865 228595 127776 1295114 235458 44254 31690 29609 47366
twitch 6086 6649 2572 3372 48911 330883 16429 204667 892550 1065386 7533 18839 0 0 0 540 0 242 0 0 0 0 0 171 0 180 0 0 0 1322
twitch 150 13081 4049 681 9551 73395 299744 102885 387002 824200 1309569 684371 501784 15375 335103 423308 27630 2630 176063 47431 19374 304986 507101 22276 8778 257717 38226 165233 820449 251035
twitter 9365 4529 3879 1211 42317 347850 43065 111602 293675 593448 893320 231962 40250 33604 63894 444793 619223 3672 551644 365956 99925 77211 79371 750 139 786 0 0 620 3986
twitter 9718 4275 3972 1648 40516 302206 47307 98329 60705 523289 1164235 314714 41940 620558 504434 540970 259597 196405 101278 92113 2395 0 1620 1850 2688 0 1583 120 0 66
twitter 395 7520 8592 2778 3085 42668 336375 14393 94872 277552 756190 883956 178189 43580 106115 994910 21741 17794 539984 362568 67489 106118 81145 855 0 0 0 0 0 856
twitter 5411 6832 2035 4607 47137 332003 39565 310216 1263519 508667 50016 22369 69419 619354 425517 15995 536289 363127 142773 105342 5121 0 0 0 0 778 132 0 0 182
ubereats 6777 9414 4073 2167 45145 85554 108095 101280 44520 30029 116020 114050 127778 197079 186823 171688 212467 166513 303057 219102 260062 152513 170056 263894 194848 84763 141405 179790 171680 391724
ubereats 9578 3720 2471 2335 53974 99093 127731 109665 24570 87977 150644 80691 176706 172970 213100 102851 202585 275176 249659 135931 246979 229072 239639 185560 186360 184959 150539 191958 211348 310867
ubereats 206 10788 4358 717 6236 46444 168333 169347 22795 88336 73375 325746 237357 224184 255306 233844 282214 228456 164495 25420 340 60 19738 236139 140653 249362 219848 218349 135959 259939
ubereats 4774 6678 2887 4806 41943 129997 112214 108326 27279 92839 192349 73814 205752 256533 184880 238878 272897 245936 238124 97908 22457 60 0 176557 233124 212298 212087 150733 72836 286258
udemy 10300 5384 831 3711 46032 335373 12630 147424 0 0 0 0 0 0 0 0 0 0 0 0 0 0 0 0 0 0 0 0 0 0
udemy 6268 9694 261 14343 38906 329631 17284 165750 0 0 0 0 0 0 0 0 0 0 0 0 0 0 0 0 0 0 0 0 0 0
udemy 7512 4445 78 40559 22221 320300 64570 155913 0 0 0 0 0 0 0 0 0 0 0 0 0 0 0 0 0 0 0 0 0 0
udemy 5653 22235 26373 3243 41527 339599 10113 101591 0 0 0 0 0 0 0 0 0 0 0 0 0 0 0 0 0 0 0 0 0 0
usa 7793 9135 6456 3305 41505 335537 15627 125195 57541 0 0 0 0 0 0 0 0 0 0 0 0 0 0 0 0 0 0 0 0 0
usa 10659 5225 1016 1087 41141 338597 16634 138483 66 0 0 0 0 0 0 0 0 0 0 0 0 0 0 0 0 0 0 0 0 0
usa 5584 7894 1249 6070 41027 338071 16469 127035 26517 0 0 0 0 0 0 0 0 0 0 0 0 0 0 0 0 0 0 0 0 0
usa 11352 4328 804 2787 54740 327692 51043 177381 0 0 0 0 0 0 0 0 0 0 0 0 0 0 0 0 0 0 0 0 0 0
vimeo 5416 7912 3759 1087 40528 206220 135122 114960 572465 1509555 428313 1424264 1505649 1429519 1328305 256867 3789 35346 10632 1355005 1109788 0 0 0 0 0 0 0 0 0
vimeo 6074 7984 1249 3764 42356 337876 17278 150177 1123025 1077715 816291 576347 607002 728392 1170986 1653772 772571 683319 756971 909792 332825 0 0 0 0 0 0 0 0 0
vimeo 6074 6649 2572 3271 41473 338234 9550 93349 482824 1197591 1531239 1255569 1161001 1273027 1614647 1698169 754774 180707 246230 28548 0 0 0 0 0 0 0 0 0 0
vimeo 9052 4470 4151 1224 40413 340972 10506 110393 548989 1424471 1145691 1285069 1241808 1191675 1212226 1051602 2797 57779 41368 1185120 828945 70946 0 0 0 0 0 0 0 0
walmart 643 9201 4453 5606 40221 339690 10697 189386 716394 1279512 1369264 260842 52388 229350 669407 82221 93202 54157 98649 69425 79323 218580 53427 269691 194732 7497 242 21977 9779 26883
walmart 6975 7224 5675 3866 41040 338773 8215 78330 134195 1076016 1319292 1368085 282741 439637 45532 79440 71276 61374 33779 36726 65152 66152 158464 152649 42392 32554 43225 28978 67438 28408
walmart 9079 4469 3795 1329 41539 338278 11631 121250 698305 1267212 72050 640236 955885 119568 424984 449953 64023 109230 93254 65280 27253 33040 20932 249729 10411 132448 31388 7347 30114 48980
walmart 525 6145 6649 2572 3205 50032 330018 16854 115391 687462 1155462 577397 946477 309717 275690 520999 71970 166432 90743 61003 22596 6887 85191 70138 120570 71483 6261 34239 50352 184564
weather 291 0 3520 7758 2671 5586 44647 241003 104865 160822 195745 151245 136063 217541 218439 243159 161434 171248 118860 119902 165263 212504 237648 141122 237821 148173 132087 211739 285397 287683
weather 3037 0 10505 6333 66 28280 27352 262871 76364 251897 259547 316720 295126 271593 223194 531289 335561 307956 422582 291015 243032 202483 127842 207410 122213 120931 193893 270763 186209 257081
weather 132 60 5911 8672 1362 3499 49712 122495 207031 13102 94313 196420 181566 215554 147925 200735 164227 143442 227154 136424 102675 174481 88394 125493 134096 157506 173720 48149 12980 45702
weather 4953 7452 3715 3759 43111 107268 204718 85108 309609 251958 161517 200532 245883 405419 228970 451318 383954 358127 336235 195342 212063 249741 206487 229824 227353 398827 325424 241655 277658 405558
webmd 7095 4043 3096 38098 147643 196862 109827 220583 0 0 0 0 0 0 0 0 0 0 0 0 0 0 0 0 0 0 0 0 0 0
webmd 21233 10583 2169 5831 163294 214573 99472 178327 0 0 0 0 0 0 0 0 0 0 0 0 0 0 0 0 0 0 0 0 0 0
webmd 4287 3632 4780 482 361229 36998 112048 126134 0 0 0 0 0 0 0 0 0 0 0 0 0 0 0 0 0 0 0 0 0 0
webmd 6593 4045 675 3234 50774 339608 9073 193451 18201 0 0 0 0 0 0 0 0 0 0 0 0 0 0 0 0 0 0 0 0 0
weebly 92100 207268 224108 158343 269410 204611 307065 248300 283482 226655 271154 238896 209190 196259 296129 319645 345587 324002 249234 286368 315436 206272 180836 288371 267320 281271 265326 267597 138044 509482
weebly 118162 261750 285524 298735 272431 91716 179653 258782 261881 191548 292371 327932 266757 407629 293851 224097 71974 248635 323611 193824 326712 300924 348863 288685 308897 295741 324820 274548 286482 381624
weebly 149952 417528 313134 292790 295075 326207 138389 151290 171851 269822 185660 149106 189771 282374 359835 180342 325865 152599 224624 174863 327706 382857 274326 239904 239872 223292 218354 283215 99920 177485
weebly 106922 333098 426960 384870 273238 264263 339215 226518 491614 267244 339344 257572 174405 79574 74227 224506 200414 139048 291011 233808 215289 267450 410379 341749 225170 253600 162138 350816 303774 547039
wellsfargo 6020 8649 865 3267 49561 50531 121625 108365 63101 99646 114728 207588 169293 246512 311330 147708 260692 273129 213380 238013 220642 50240 275149 156937 47207 138047 1222 0 87373 226894
wellsfargo 60 10916 4226 657 6044 48145 159052 129212 49069 14544 105519 250234 251721 321738 392222 360494 406073 275212 157737 246528 41415 11274 143227 160092 150942 7979 11423 78008 150326 369926
wellsfargo 120 829 10683 3735 1496 39501 98503 251770 19349 111159 365827 198945 254993 78300 307857 318277 301700 295840 219231 134944 142575 93052 119124 170651 138723 45308 114412 229395 244574 303117
wellsfargo 60 0 5232 7698 2374 4773 49955 205356 124688 61843 75753 394487 260402 265289 242750 156224 380997 234535 142313 146252 160475 187378 136129 8877 124016 290 120 57884 103375 5601
whitehouse 11128 3781 983 40227 49892 292315 104437 5503 0 0 0 0 0 0 0 0 0 0 0 0 0 0 0 0 0 0 0 0 0 0
whitehouse 8702 3957 1592 39988 39725 304465 75800 55078 0 0 0 0 0 0 0 0 0 0 0 0 0 0 0 0 0 0 0 0 0 0
whitehouse 6671 3781 1217 39582 14270 328949 37575 79892 0 0 0 0 0 0 0 0 0 0 0 0 0 0 0 0 0 0 0 0 0 0
whitehouse 6671 3781 1713 38954 155105 187660 117093 0 0 0 0 0 0 0 0 0 0 0 0 0 0 0 0 0 0 0 0 0 0 0
who 643 3715 3085 37408 341511 3586 117373 286830 0 0 0 0 0 0 0 0 0 0 0 0 0 0 0 0 0 0 0 0 0 0
who 3476 4422 1366 40594 229349 111515 104864 74543 0 0 0 0 0 0 0 0 0 0 0 0 0 0 0 0 0 0 0 0 0 0
who 6273 3781 3240 37915 159430 182974 68613 21352 123573 37207 0 0 0 0 0 0 0 0 0 0 0 0 0 0 0 0 0 0 0 0
who 2174 4264 78 40516 187666 162334 103688 150386 0 0 0 0 0 0 0 0 0 0 0 0 0 0 0 0 0 0 0 0 0 0
wikipedia 1725 10481 4823 2385 40984 134276 209569 41757 114939 113278 329894 217317 304006 226050 318207 301326 260879 48398 20584 0 512 0 0 287 399 120 0 421 60 0
wikipedia 8344 6935 851 1464 6412 140394 218848 61345 93767 131681 115287 291232 163623 219594 317308 282635 180284 297591 129361 23029 0 0 683 68 0 0 0 0 0 112
wikipedia 120 11998 3709 1112 42573 55180 259065 41948 74298 134127 97628 334642 302093 235825 262238 329662 306087 179363 21669 4186 60 423 60 0 370 0 0 0 0 112
wikipedia 5357 7862 3727 3698 42073 111313 234430 38232 95347 111570 117251 264748 222950 307439 364037 283322 353396 102359 23102 0 548 0 0 304 371 0 0 144 0 0
wordpress 720 11025 4491 3008 37783 61785 248141 112178 111841 330263 205139 254090 237712 200445 232116 243497 126851 96986 87230 110401 160301 152406 212344 266832 222587 215584 164432 28428 35165 9426
wordpress 220 0 4570 8928 3759 1942 42341 78855 74972 130690 56242 91621 187337 122057 175417 82593 182284 97801 82598 131181 143154 192704 223101 215834 200796 129547 158000 144365 233809 216291
wordpress 2510 11487 4624 2952 2954 49184 45872 183468 170549 148628 206982 157193 218688 189774 190760 234054 281973 292724 219436 94916 83417 123301 187954 298734 282517 190916 231435 68590 24257 3164
wordpress 9704 3634 2411 2171 93026 258297 111668 147431 127067 189605 125757 165299 113597 138612 185964 170175 112790 214065 199173 165032 195909 113003 226638 199175 227325 215762 254107 214100 20119 12093
yahoo 5423 7919 3945 1329 40276 348940 7332 117995 975236 1002473 27352 0 60 90779 181504 814728 193592 552732 430989 51524 15462 166484 387585 18025 48241 307165 494486 60199 104484 25939
yahoo 274 13342 4393 150 37025 17696 326758 95959 390749 1455197 477113 424805 709640 563816 178511 83672 321157 388164 228746 60491 415933 19427 561057 19906 442935 426854 173182 72883 464144 359568
yahoo 619 183 11099 8112 4169 9849 44124 349657 11076 119178 805411 1485568 763213 916292 190786 148250 0 503214 528382 445088 39867 230575 758213 100714 186504 554142 309365 255267 11310 12383
yahoo 1156 897 12833 3825 1087 40462 144809 194999 96356 420561 1130020 522485 42605 64956 172425 166969 226601 281171 326029 356926 58285 73852 299067 427833 115603 93450 395 370235 326954 387103
yelp 60 10039 4317 4421 1449 40675 142339 201826 17916 100895 134662 235551 155482 197001 343632 211481 216698 171256 270647 306837 176633 192010 296955 325291 172509 198605 216412 160810 184199 243780
yelp 60 502 11408 3994 3739 40750 109811 237536 26363 103230 93374 119070 149702 188877 216755 249088 224937 261407 261844 150928 217206 253380 180630 222200 235055 261816 333345 228981 334828 230294
yelp 6034 8810 1116 3942 51290 207249 100202 41216 101467 70757 161105 144776 255117 283895 223224 234777 292683 286984 153872 131904 244646 234862 222466 250485 192814 188681 161896 222039 219410 258322
yelp 7056 6298 4317 3386 42023 183337 161733 18623 115928 177964 215606 204191 270342 219448 147125 250542 194243 229689 206692 234521 268122 418952 373211 276861 191887 80967 203674 217188 47106 11996
youtube 3817 11168 4527 1526 2798 48511 333841 5503 102944 346099 497612 1049607 1643856 600099 66654 63314 14588 33702 59472 445337 393482 682069 137 12652 148216 20705 45781 32061 73802 150
youtube 4915 6671 3865 4366 46436 345916 4544 115970 487604 1427200 1595045 727086 73806 11541 27785 79737 492834 353596 653802 0 15887 54067 120221 53536 38146 99421 1375 0 0 336
youtube 436 13625 4034 2344 3435 48234 334553 13197 117916 466619 862172 1325940 1353304 172181 68797 14370 29592 58304 426702 474536 562064 1664 28249 12771 147292 55179 8571 101484 22055 17976
youtube 318 13767 3584 859 36580 51681 295098 105038 446858 1252200 1512319 1014547 66448 10154 27457 36437 477000 16743 1096545 1429 29963 164930 40402 60604 91068 36809 183 0 0 10765
ziprecruiter 684 10678 4461 1368 12112 43187 104916 187747 42468 105627 102054 244670 210971 130038 181155 126548 80407 168662 175597 150501 176136 159124 151648 115009 75530 158779 112097 68154 109013 106525
ziprecruiter 602 1201 14248 3781 1982 23282 60428 65706 98400 145712 48630 107395 88157 128368 210052 97719 128484 268012 159487 240914 152962 355164 200950 183784 134969 29184 226035 187722 166026 271477
ziprecruiter 6101 7256 4027 3645 42849 87681 258293 23088 122316 79931 321918 238256 208347 194275 209670 110711 102531 201820 124943 182363 320880 330772 248547 282838 168112 13850 20763 1306 1531 147
ziprecruiter 5785 6638 3715 3543 42801 94422 144651 122116 48965 143542 138343 187544 197474 194505 204378 227353 121078 168583 220198 233089 291956 218585 61495 258734 134737 40356 167810 115887 82621 26812
zoho 134670 245414 289962 361762 278249 252980 226021 282480 323337 202962 278062 436395 316371 270263 279000 304541 271369 363385 234610 358623 166820 198283 274530 237935 345918 175776 216901 252038 253655 463948
zoho 195556 296912 279699 366917 384268 338926 171632 203365 258880 336098 186601 74522 217873 187543 195510 258778 327817 224178 171308 262775 312605 323893 292284 190368 326353 196332 284580 232786 255437 406017
zoho 114432 92256 177532 235996 339392 180020 266769 298471 275691 282337 289688 190138 242404 281795 268875 285311 227340 271929 315900 170644 248380 313232 251005 190984 192534 316404 307185 291379 293985 419463
zoho 84128 151041 154375 208714 211886 169993 93548 177332 290699 238872 360001 216372 205117 300730 209682 154062 221415 295852 166621 194419 185531 348313 264757 208557 157530 225164 276958 148910 139444 368387
