adobe 833 540185 14664 325 370
adobe 806 470564 11801 278 398
adobe 815 534224 11396 323 373
adobe 784 512440 8200 309 354
airbnb 7677 6636889 23817 4468 2615
airbnb 7613 6213767 22284 4110 2835
airbnb 7185 6427121 18683 4341 2318
airbnb 7569 6593004 21232 4415 2455
alibaba 10396 6807765 248109 4176 4341
alibaba 9489 6480665 213971 4032 3768
alibaba 9983 6544052 225457 4051 4266
alibaba 9974 6572890 231252 4059 4226
allrecipes 8577 5827836 199809 3497 3801
allrecipes 7427 5359230 166529 3286 3174
allrecipes 7405 5368983 164221 3294 3128
allrecipes 7742 5452907 162646 3302 3394
amazon 4283 3731449 57656 2380 1458
amazon 4391 3795449 69880 2412 1509
amazon 4459 3742271 64553 2376 1620
amazon 11951 11331791 134076 7165 3629
apple 1007 681163 11732 415 450
apple 989 692534 5963 425 430
apple 1006 709189 9564 434 435
apple 987 680511 14686 413 426
ask 10932 8480616 54773 5332 4938
ask 10327 8192126 47116 5165 4534
ask 11524 8322346 50096 5175 5591
ask 10104 8391824 48163 5327 4174
bankofamerica 9068 7158239 100341 4438 3863
bankofamerica 8914 7186577 97076 4463 3700
bankofamerica 8813 7051475 102682 4376 3706
bankofamerica 9558 7743066 97909 4825 4027
bbc 12440 9929978 185599 6210 5082
bbc 12016 9461094 169551 5916 5240
bbc 12298 10096529 184641 6326 4779
bbc 11979 9772493 163508 6130 4804
bing 6551 5699202 25375 3668 2375
bing 6258 5709095 30821 3686 2043
bing 6754 5751342 27846 3640 2605
bing 7234 5778390 22479 3616 3072
bitly 7855 6228961 106311 3930 3056
bitly 7904 6148941 107826 3895 3229
bitly 7698 6130922 97722 3884 3023
bitly 7606 6074770 90305 3857 3001
booking 11935 9558852 162196 6096 4692
booking 11872 9532796 159413 6081 4672
booking 11887 9593556 162562 6125 4594
booking 11428 9283363 143716 5927 4449
buzzfeed 12974 8095979 396119 4701 6071
buzzfeed 12000 7939818 251399 4683 5277
buzzfeed 11853 8001938 274960 4768 5154
buzzfeed 12630 8085606 381603 4705 5720
canva 5443 4395125 57361 2750 2211
canva 5716 4491283 59637 2789 2369
canva 6839 5587573 38054 3504 2830
canva 5677 4434618 44142 2765 2420
cdc 768 551612 11113 340 319
cdc 746 525208 3816 322 315
cdc 751 520418 8624 319 327
cdc 742 517240 6235 316 313
chase 6969 6050419 59674 3802 2488
chase 7121 5974508 46215 3775 2804
chase 7081 6004540 54304 3788 2719
chase 7196 6055665 61925 3810 2774
chegg 11768 8942448 156155 5558 4872
chegg 3213 2644147 14723 1704 1308
chegg 3751 3139074 23321 2012 1448
chegg 3293 2752344 19991 1762 1279
citibank 10825 8810205 134170 5586 4305
citibank 11060 9035793 152012 5741 4319
citibank 11116 9120074 147908 5784 4275
citibank 10847 8947369 139714 5715 4153
clevelandclinic 991 716412 9074 445 425
clevelandclinic 960 712202 6585 444 399
clevelandclinic 996 737009 10216 459 414
clevelandclinic 960 718827 10186 449 398
cnn 13062 12070286 90332 8434 3615
cnn 12617 11372243 151377 7904 3902
cnn 13293 12666931 82783 9043 3568
cnn 12886 11843299 134289 8246 3645
coursera 1330 970470 13537 607 590
coursera 1238 973109 13216 615 492
coursera 1514 1095541 17280 687 698
coursera 1202 911844 8166 573 494
craigslist 3805 3361109 29631 2195 1350
craigslist 3769 3357005 36609 2198 1343
craigslist 3782 3349163 36044 2194 1345
craigslist 4005 3409156 29627 2221 1480
dailymotion 11560 9805059 127651 6245 4420
dailymotion 11708 9936262 126992 6324 4510
dailymotion 9116 7334529 127599 4649 3678
dailymotion 11667 10091436 135672 6399 4268
doordash 10798 8478130 130733 5368 4411
doordash 11532 9191231 130459 5817 4656
doordash 11642 9281974 155792 5913 4742
doordash 12044 9541486 162011 6068 4826
dropbox 13689 12177061 96210 7870 4906
dropbox 15174 14464481 60551 9322 5194
dropbox 15512 14665028 64628 9511 5348
dropbox 15395 14597790 66581 9477 5198
duckduckgo 6156 5360121 10705 3413 2461
duckduckgo 5869 5339040 8216 3414 2157
duckduckgo 5235 5369967 13265 3477 1414
duckduckgo 5983 5441099 17232 3470 2187
ea 987 714593 10140 445 416
ea 990 679865 10371 414 426
ea 1603 1087253 34951 663 702
ea 878 610661 9422 376 374
ebay 9744 7569287 110555 4704 4102
ebay 9667 7604978 112462 4745 3963
ebay 9457 7670155 102948 4807 3770
ebay 9561 7666322 111673 4810 3834
edx 1461 1160918 14592 734 597
edx 857 658097 5657 410 349
edx 792 562847 11710 347 349
edx 837 595392 11312 367 363
epicgames 7268 6301255 83887 4000 2734
epicgames 8796 7532846 84947 4785 3456
epicgames 8109 7132269 83251 4537 2977
epicgames 8392 7508278 75214 4791 3053
espn 17137 11808779 434513 7149 7847
espn 16396 11518677 331144 7073 7439
espn 15801 11477997 306693 7057 7020
espn 15560 11562741 299018 7141 6616
etsy 3316 2941109 26295 1905 1143
etsy 3622 2943052 24752 1886 1473
etsy 3262 2912065 26723 1890 1122
etsy 3319 2920239 23015 1884 1170
expedia 14958 12553981 106908 8598 5047
expedia 14591 12274680 116318 8399 4943
expedia 14944 12575322 124527 8435 5205
expedia 2856 2586089 5965 1682 962
facebook 3497 3009692 29811 1952 1232
facebook 3527 3013738 28373 1953 1271
facebook 3615 3029744 32046 1954 1325
facebook 3473 3008945 32372 1951 1213
fifa 8895 7751926 55375 4939 3364
fifa 8130 7318617 51805 4662 2982
fifa 8288 7215890 49856 4571 3218
fifa 8085 7197590 49337 4578 3021
foodnetwork 13258 8838919 326358 5262 6072
foodnetwork 10736 7471226 242007 4530 4754
foodnetwork 13006 8578601 335226 5073 6015
foodnetwork 13312 8544828 412414 4969 6119
foxnews 12596 9826922 170663 6112 5434
foxnews 12915 10103725 229777 6202 5366
foxnews 12617 10415184 199608 6476 4940
foxnews 12412 10394619 224749 6472 4669
github 8579 7742276 28674 4961 3213
github 8186 7671506 28674 4936 2823
github 8386 7772967 29714 4988 2950
github 7836 7690786 32872 4969 2494
gitlab 15151 12994968 209982 8199 5839
gitlab 14450 12203618 198364 7687 5690
gitlab 14757 12218287 200932 7679 5937
gitlab 12533 10405055 157343 6569 5056
glassdoor 11504 8640293 162919 5682 4478
glassdoor 11813 8851299 152750 5847 4470
glassdoor 11413 8607632 149062 5698 4435
glassdoor 11121 8509660 151531 5632 4151
google 4825 4007330 34839 2636 1763
google 4745 3985470 35160 2621 1733
google 4927 4006982 35879 2579 1918
google 4396 3953366 38047 2619 1376
hellofresh 8338 6837794 50286 4514 3154
hellofresh 8601 6947406 49068 4587 3316
hellofresh 8463 6934202 49828 4567 3216
hellofresh 8562 7042083 61770 4656 3272
hulu 1636 1497173 12052 970 533
hulu 1204 959055 12124 608 471
hulu 1302 1084004 8439 692 485
hulu 1145 895107 8451 565 449
ibm 1709 1351468 15405 854 692
ibm 946 625728 13224 380 436
ibm 1457 1067616 32157 659 612
ibm 1457 1053418 37173 649 617
imdb 13736 10491410 289244 6434 5624
imdb 13381 10484337 282354 6470 5396
imdb 13617 10592007 284954 6495 5389
imdb 13172 10399953 282513 6415 5119
indeed 3508 2927623 19769 1891 1358
indeed 3378 2914753 20077 1894 1219
indeed 3397 2889846 21117 1881 1249
indeed 3526 2913003 19769 1890 1368
instagram 7985 7591191 26220 5254 2320
instagram 8116 7589369 23731 5218 2367
instagram 8457 7612771 23731 5268 2750
instagram 8299 7613989 26148 5229 2557
intel 1136 910078 3722 580 451
intel 968 712381 6934 446 408
intel 978 745935 3722 470 401
intel 1257 1014101 10214 646 492
irs 886 678518 6489 427 359
irs 760 520612 11346 317 330
irs 758 531116 9094 324 311
irs 752 524097 13496 320 313
kayak 12448 10118758 131908 6398 4807
kayak 11806 9814228 121406 6220 4455
kayak 12056 9881699 124573 6251 4631
kayak 11787 9875009 122119 6265 4373
khanacademy 1012 680624 8192 414 460
khanacademy 999 669869 13957 407 444
khanacademy 1017 649641 11838 387 474
khanacademy 1019 769455 11026 481 416
linkedin 4658 3819889 40533 2418 1807
linkedin 4489 3647906 37325 2301 1781
linkedin 4122 3458519 35787 2196 1539
linkedin 4801 3789674 51593 2384 1979
mayoclinic 1102 831690 13101 516 443
mayoclinic 1061 802077 7538 502 434
mayoclinic 1380 1205966 6819 771 490
mayoclinic 1471 1216928 7710 771 557
medium 5593 4500018 55809 2946 2099
medium 5421 4441640 55469 2917 2002
medium 5285 4421627 50329 2913 1875
medium 5499 4459917 50491 2917 2057
microsoft 1012 766883 8054 482 414
microsoft 1147 916739 9093 583 451
microsoft 1045 762935 8528 476 444
microsoft 1041 766607 13578 479 438
mit 910 629368 17861 388 407
mit 811 547873 12659 333 359
mit 827 547969 8093 333 376
mit 862 587848 13419 361 390
mlb 17722 12590809 367582 7610 7797
mlb 13897 10066087 349814 6139 6127
mlb 14005 10890588 295556 6707 5856
mlb 14294 10674361 297038 6550 6171
monster 8181 7642368 41110 4963 2851
monster 8120 7565944 36029 4920 2811
monster 7962 7563762 32749 4904 2667
monster 8052 7604907 35238 4927 2730
nasa 1381 1002858 23698 619 562
nasa 1464 986744 34651 595 624
nasa 1317 863124 34406 516 563
nasa 1443 1059711 36442 644 562
nba 13338 9603993 298012 5789 5439
nba 14221 10194092 277102 6198 6044
nba 13758 9956537 275221 6041 5744
nba 13038 9413702 274622 5695 5438
netflix 1045 773968 11332 484 446
netflix 1090 853843 11332 536 417
netflix 1096 871427 8522 551 424
netflix 1139 803050 8204 498 514
nfl 35847 30678144 238900 19402 14994
nfl 32694 28678665 248577 18180 12918
nfl 31235 28020129 201724 17841 12107
nfl 36080 33203715 155046 21208 13766
notion 11354 9461330 80340 6607 3503
notion 11548 9569692 94347 6669 3398
notion 11236 9304322 91076 6539 3639
notion 11571 9731545 80396 6827 3390
nytimes 12432 9719477 168965 6120 5141
nytimes 12382 9831931 193370 6198 4924
nytimes 12036 9707837 158541 6148 4761
nytimes 12423 9830932 182801 6181 5014
pandora 1322 986523 19549 614 547
pandora 1314 993578 14178 621 538
pandora 959 690001 10222 429 410
pandora 932 671027 12926 415 393
paypal 5918 4951839 58261 3147 2210
paypal 5664 4873798 57982 3122 2051
paypal 6014 4976095 57313 3158 2269
paypal 5750 4896977 55105 3133 2111
pinterest 11856 12868483 43310 9190 2059
pinterest 11819 12081660 45717 8590 2818
pinterest 11810 12216100 46846 8659 2593
pinterest 11866 12166792 50742 8577 2499
quora 7759 6167417 75448 4111 2982
quora 7477 6254260 64958 4117 2717
quora 6800 5500045 47147 3622 2543
quora 6870 5368823 46733 3393 2482
reddit 963 668573 8194 413 429
reddit 1216 864921 13569 532 528
reddit 990 686065 11080 421 444
reddit 964 649715 10687 395 433
roblox 6480 5559780 71102 3506 2358
roblox 6588 5589554 71363 3515 2448
roblox 6358 5549638 66604 3516 2274
roblox 6525 5565480 74322 3515 2417
shopify 6960 5530366 55576 3643 2677
shopify 6749 5511335 52511 3652 2488
shopify 6661 5474486 51045 3644 2446
shopify 6819 5527942 55487 3663 2544
slack 22516 20031922 188292 12949 8252
slack 21154 18983357 195218 12264 7580
slack 20364 17697465 214210 11398 7587
slack 21766 19030468 219526 12247 7950
snapchat 7583 6641573 59547 4234 2742
snapchat 7576 6658658 59321 4247 2756
snapchat 7705 6662625 71179 4243 2883
snapchat 7636 6662777 61039 4246 2819
soundcloud 790 534315 12825 325 341
soundcloud 5747 3723705 20475 2230 2499
soundcloud 5097 3498842 51732 2133 2099
soundcloud 857 608122 5944 375 367
spotify 1222 912750 9180 570 508
spotify 1021 723759 9180 446 438
spotify 1104 826504 12464 516 456
spotify 994 712049 12532 439 421
stackoverflow 5509 4662137 45529 2976 2134
stackoverflow 5617 4686665 36291 2982 2215
stackoverflow 5719 4720502 37386 3004 2289
stackoverflow 5481 4668823 36339 2982 2114
steamcommunity 13105 12812508 69768 8245 4387
steamcommunity 14528 13246082 69017 8502 5421
steamcommunity 13407 13117448 62486 8446 4415
steamcommunity 13319 12867630 58386 8270 4562
tiktok 8211 6466629 94447 4090 3351
tiktok 10859 9267818 93019 6092 3901
tiktok 9354 7849718 88851 5133 3457
tiktok 8949 7667432 98342 4981 3212
tripadvisor 3425 3061160 26140 1976 1168
tripadvisor 3353 2958925 32628 1908 1131
tripadvisor 3534 3012362 33655 1929 1279
tripadvisor 3383 2994850 25914 1935 1176
tumblr 6389 5661540 45147 3626 2293
tumblr 6523 5701181 45075 3642 2402
tumblr 9916 9454997 44428 6103 2707
tumblr 8877 8479998 48944 5501 2583
twitch 10984 10158545 84560 6493 3585
twitch 9962 8848399 94166 5623 3566
twitch 9531 9053410 88443 5788 2981
twitch 10509 8427266 108540 5278 4458
twitter 5718 4977686 76116 3173 2071
twitter 5764 4939934 59614 3129 2151
twitter 5981 4950173 64566 3131 2384
twitter 5261 4880139 57772 3131 1684
ubereats 6434 5358987 57179 3585 2313
ubereats 6622 5378559 52290 3605 2509
ubereats 6354 5299417 51158 3568 2341
ubereats 6264 5304796 50416 3571 2234
udemy 854 561685 8959 338 373
udemy 863 582137 12779 354 384
udemy 892 615598 5520 377 393
udemy 863 550334 22789 329 396
usa 886 602094 12203 366 384
usa 824 552908 11172 335 361
usa 837 569916 10453 346 363
usa 890 630127 10774 385 371
vimeo 12072 11484501 94025 7352 4204
vimeo 12187 11775766 86270 7561 4076
vimeo 12128 11925498 99503 7681 3935
vimeo 12109 11809667 84710 7568 4023
walmart 9229 6768519 135349 4124 4058
walmart 9473 6817043 138487 4117 4237
walmart 8884 6873292 147930 4206 3582
walmart 8892 6793581 145528 4146 3638
weather 16646 10427678 565330 6051 7796
weather 16165 10501428 541631 6162 7348
weather 16018 9623074 549684 5496 7651
weather 14225 9348488 429613 5520 6541
webmd 1055 727247 5144 444 467
webmd 1001 695482 8240 427 437
webmd 937 649590 7742 398 411
webmd 1087 625654 22574 365 579
weebly 15130 15062027 34764 9756 5097
weebly 14272 14216137 30436 9228 4756
weebly 14086 14024541 34478 9081 4744
weebly 14575 14513943 50707 9397 4836
wellsfargo 7912 5965578 90545 3705 3512
wellsfargo 7675 5972007 91240 3721 3251
wellsfargo 7767 5979350 93082 3726 3335
wellsfargo 6562 5220788 58091 3278 2738
whitehouse 733 508266 16160 311 308
whitehouse 746 529307 9644 327 317
whitehouse 726 511937 5853 315 309
whitehouse 715 510977 7367 315 296
who 1023 794151 8628 501 409
who 811 570129 9047 349 343
who 1096 644358 24151 362 499
who 985 651106 6558 397 469
wikipedia 3175 2702677 17830 1741 1187
wikipedia 3049 2690848 17732 1744 1083
wikipedia 3077 2698548 18549 1743 1088
wikipedia 3038 2693580 18549 1745 1058
wordpress 5468 4190482 87857 2635 2182
wordpress 5873 4252905 91457 2656 2530
wordpress 5445 4203578 77679 2646 2149
wordpress 5623 4213975 76492 2638 2345
yahoo 8976 6548844 211446 3963 3746
yahoo 12227 8733547 216288 5313 5595
yahoo 11971 8822484 225575 5363 5136
yahoo 15478 10046056 381500 6016 7389
yelp 7023 5750019 66636 3661 2777
yelp 7075 5753851 60563 3658 2820
yelp 7050 5765028 60563 3671 2795
yelp 6876 5743533 71707 3662 2607
youtube 7590 6824317 41369 4739 2117
youtube 8058 6927135 58294 4755 2450
youtube 7904 6850694 60970 4705 2406
youtube 8050 6966352 60153 4787 2438
ziprecruiter 4664 3886429 25643 2565 1657
ziprecruiter 4840 3925158 22613 2578 1827
ziprecruiter 4747 3929852 27967 2591 1691
ziprecruiter 4738 3916524 20076 2589 1761
zoho 14578 14754953 35034 9589 4681
zoho 14277 13861911 73238 8919 4926
zoho 14559 14405625 46038 9307 4908
zoho 14234 13660707 97315 8775 4894
