adobe 0.003336632263537396 0.0021269263078278044 0.04431120533086622 0.0523881426904302 0.4375
adobe 0.0025731655591686685 0.0 0.02905633073944667 0.051227043818404386 0.375
adobe 0.002827654460624912 0.0019448173504591718 0.048604499047119595 0.0534771386028847 0.46739130434782605
adobe 0.0019510815778311895 0.0012793146617629345 0.044737724168627445 0.05705326343622912 0.453804347826087
airbnb 0.19686130354870637 0.1883816501503323 0.0396643119045495 0.032585053745914895 0.5923913043478262
airbnb 0.19505160469390642 0.17545524413460836 0.07404317611752019 0.032621907662540896 0.5461956521739131
airbnb 0.1829492436024318 0.18197322341500213 0.02107000397715366 0.02711496959397936 0.48777173913043476
airbnb 0.19380743673123146 0.18704096040127638 0.015843469537259375 0.027525770332494773 0.49999999999999994
alibaba 0.2737452283330977 0.19360192362782305 0.07014377900910546 0.027387449966651163 0.24728260869565216
alibaba 0.2480984023752298 0.18360899627414423 0.030299824590058005 0.02479545286264581 0.23641304347826086
alibaba 0.2620670154107168 0.18554547345594685 0.010711535426329894 0.016814396575386265 0.2391304347826087
alibaba 0.26181252650926057 0.18642647632670623 0.052402155596675964 0.02991747903591567 0.35054347826086957
allrecipes 0.22231019369433055 0.16366502571047928 0.013660214759444044 0.021762460717100404 0.47826086956521735
allrecipes 0.18979216739714408 0.1493490803864254 0.011577993034388704 0.02400024189535866 0.5217391304347827
allrecipes 0.1891700834158066 0.1496470352029354 0.020413267751952402 0.02309478051276251 0.5108695652173914
allrecipes 0.19869927894811257 0.15221091913821558 0.01609602733304688 0.02284243861249547 0.49999999999999994
amazon 0.10089071115509685 0.09962025959553972 0.11739281072858451 0.04094185889097824 0.07880434782608696
amazon 0.10394457797257176 0.10157546396923414 0.08693286257713541 0.03948115482873179 0.07880434782608696
amazon 0.10586738300579669 0.0999508724351041 0.11711730287506103 0.03997996714963509 0.25
amazon 0.3177152551958151 0.3318112270951245 0.00415307356489482 0.007734403648789957 0.2826086956521739
apple 0.008256751025024742 0.006433813842119876 0.04691261548587774 0.045268247304557425 0.375
apple 0.007747773222112259 0.006781198669202364 0.04506654165732225 0.04663597697903271 0.375
apple 0.008228474480418493 0.007290010057387998 0.041165327593747345 0.04361269288923928 0.4076086956521739
apple 0.007691220132899759 0.006413895197562863 0.0387935036045454 0.04460182390818431 0.3967391304347826
ask 0.2889014562420472 0.24470763599874637 0.0672309665866864 0.032314095769993716 0.15760869565217392
ask 0.27179414675526653 0.23589424678363533 0.06928974624003638 0.03295671676757796 0.1467391304347826
ask 0.3056411706489467 0.23987247668273673 0.04416601345676394 0.028576449834002038 0.1467391304347826
ask 0.26548847730807296 0.24199503433079203 0.07733059802131297 0.0340283561506502 0.07608695652173914
bankofamerica 0.23619397709599887 0.20430892827885713 0.03703018080645077 0.03636752555081548 0.47826086956521735
bankofamerica 0.2318393892266365 0.205174656115447 0.0538091770220125 0.046450901704915275 0.6114130434782608
bankofamerica 0.22898345822140537 0.20104728078271475 0.07045922923843638 0.04618207427772306 0.625
bankofamerica 0.2500494839530609 0.22217543309533508 0.051671256263624454 0.03706361121330878 0.46739130434782605
bbc 0.3315424855082709 0.2889857441466604 0.008007431107904155 0.010648834090345442 0.15760869565217392
bbc 0.3195532305952213 0.27466130590360827 0.0048795296422119595 0.0025713288284541867 0.1793478260869565
bbc 0.3275272161741835 0.2940738885785851 0.0037779029202599564 0.00505028681786979 0.16847826086956522
bbc 0.3185069984447901 0.28417456663429685 0.00830700218235665 0.008677311736544891 0.10054347826086957
bing 0.16502191432206986 0.1597352482197635 0.11615130169186846 0.02457187392645612 0.00815217391304348
bing 0.15673688675243885 0.16003748004584098 0.08279882013293456 0.024779765666713978 0.010869565217391304
bing 0.17076205287713841 0.16132812878295769 0.09909404380096296 0.020433108222250092 0.021739130434782608
bing 0.184334794288138 0.1621544470313903 0.04519422015783729 0.01842455665330729 0.05434782608695653
bitly 0.20189452848861872 0.17591942187295076 0.03363578231956324 0.0308432164120606 0.4184782608695652
bitly 0.20328007917432492 0.17347480540446594 0.03422951264685559 0.02292487149640775 0.3858695652173913
bitly 0.19745511098543758 0.17292432372306596 0.061030410179145095 0.028932156244617598 0.4293478260869565
bitly 0.19485366888166267 0.1712088762856958 0.04187199315987234 0.025023293699435588 0.39945652173913043
booking 0.3172628304821151 0.27764781948428985 0.011342265746416032 0.022514302669580478 0.46467391304347827
booking 0.3154814081719214 0.27685180690364947 0.01296153732818509 0.02334666554039086 0.4891304347826087
booking 0.31590555634101514 0.2787080290559256 0.015373239186667739 0.021354965636996986 0.453804347826087
booking 0.3029266223667468 0.26923161170765386 0.014131686142008689 0.022464272339561945 0.46467391304347827
buzzfeed 0.34664216032800793 0.2329569493630479 0.01131443243970706 0.024045064467344487 0.45652173913043476
buzzfeed 0.3191008058815213 0.22818622014116516 0.032559509090433716 0.032544052957939364 0.4076086956521739
buzzfeed 0.31494415382440266 0.2300839903863823 0.012818890870052264 0.02452162168409988 0.4429347826086956
buzzfeed 0.33691502898345826 0.2326400535041677 0.01072109885953793 0.019770428977525834 0.35054347826086957
canva 0.13369150289834583 0.11989560675047754 0.0791187076058378 0.039471008670620054 0.4320652173913043
canva 0.14141099957585185 0.12283324022181673 0.037584885912395144 0.03612576032763771 0.49999999999999994
canva 0.1731655591686696 0.15632497464115203 0.026431055482923765 0.027804193248684196 0.3858695652173913
canva 0.14030821433620813 0.1211021205993887 0.04257321757891175 0.033920057075302795 0.4429347826086956
cdc 0.0014986568641312016 0.0024760219387372755 0.056702707544177874 0.05567538652855732 0.3641304347826087
cdc 0.0008765728827937226 0.0016693779343149705 0.04369325521788581 0.05534070006842468 0.41032608695652173
cdc 0.0010179556058249675 0.001523043106971279 0.04662103005888715 0.05452161952227843 0.4076086956521739
cdc 0.0007634667043687239 0.0014259549897900157 0.050796503257712816 0.05337684966818232 0.3967391304347826
chase 0.176841509967482 0.17046495157157343 0.03587315691249986 0.03377577695196181 0.421195652173913
chase 0.18113954474763186 0.16814586533389347 0.025741575372516652 0.03640261028314096 0.5353260869565217
chase 0.1800084829633819 0.16906334498624956 0.032226566038036274 0.04055355579035514 0.4891304347826087
chase 0.18326028559310054 0.1706252172300797 0.044827445889563895 0.04134733185112672 0.4891304347826087
chegg 0.3125406475328715 0.2588166351598721 0.03656583778750299 0.0267703686041914 0.49999999999999994
chegg 0.07063480842641029 0.06640310919043511 0.09171156995625523 0.06411440815171576 0.6929347826086956
chegg 0.08584758942457231 0.08152316286323918 0.03988082888026261 0.049690436527765114 0.5923913043478262
chegg 0.07289693199491022 0.06970853493450724 0.10111193161523849 0.05950493863624847 0.7214673913043479
citibank 0.2858758659691786 0.25477660247252093 0.01433000672049146 0.02692035341193212 0.5788043478260869
citibank 0.2925208539516471 0.2616683312889737 0.022737808324378425 0.030244822188724457 0.5679347826086956
citibank 0.2941043404495971 0.2642431215986509 0.027112491396048335 0.03330691473098829 0.5461956521739131
citibank 0.2864979499505161 0.25896697204616814 0.01695445230634919 0.025433566987849418 0.5217391304347827
clevelandclinic 0.0078043263113247545 0.007510673201000418 0.04029546178992889 0.04111249134534846 0.4076086956521739
clevelandclinic 0.006927753428531032 0.007382057413293333 0.03280195357501596 0.035658227634598284 0.375
clevelandclinic 0.007945709034356003 0.008139912958578294 0.048474066698647345 0.04569868830345418 0.30434782608695654
clevelandclinic 0.006927753428531032 0.007584451616039043 0.030620237903757404 0.04190991602200271 0.35054347826086957
cnn 0.34913049625335785 0.35437229981311613 0.011464193567626154 0.0020490623684418195 0.17119565217391303
cnn 0.336547433903577 0.33304703845957273 0.0 0.0 0.08967391304347826
cnn 0.3556623780574014 0.37259984533722407 0.06873109266768826 0.00525105195000374 0.15760869565217392
cnn 0.344153824402658 0.3474378314510571 0.043252334499249485 0.0030883549392171222 0.1141304347826087
coursera 0.017390074932843207 0.015272162463063824 0.03212791906315337 0.03837479579687482 0.328804347826087
coursera 0.014788632829068286 0.01535278409341038 0.03658168319029627 0.04102005670434825 0.41032608695652173
coursera 0.022592959140393044 0.01909309006028781 0.03409991497586107 0.03381010868126771 0.328804347826087
coursera 0.013770677223243318 0.013481134156623052 0.028732223118040398 0.03800847760328595 0.453804347826087
craigslist 0.08737452283330976 0.08830634728688358 0.21548311438336115 0.0779539700101792 0.6929347826086956
craigslist 0.0863565672274848 0.08818096980642041 0.20605853520316286 0.07407836809163612 0.6711956521739131
craigslist 0.08672416230736604 0.08794139617050617 0.1725818511086966 0.06792385785348806 0.6467391304347825
craigslist 0.09302983175455959 0.08977418642036633 0.18788892243065228 0.07116661455170259 0.7038043478260869
dailymotion 0.3066591262547717 0.285169460159824 0.05979091474858232 0.02383848315457572 0.15760869565217392
dailymotion 0.3108440548564966 0.28917772077610254 0.05287873310090878 0.02233843055808092 0.1331521739130435
dailymotion 0.23755125123709886 0.2096945998263351 0.026249837631997244 0.020628689947040625 0.16847826086956522
dailymotion 0.30968471652764035 0.2939182970805347 0.034231892718367 0.024630608791138396 0.125
doordash 0.28511239926480986 0.24463168852885567 0.015422467354087676 0.028994318633917382 0.6277173913043479
doordash 0.3058673830057967 0.2664169728114474 0.015610939445051078 0.02894417297332775 0.5815217391304348
doordash 0.3089778029124841 0.26918917766273104 0.021022689376958205 0.03402297994206249 0.6576086956521738
doordash 0.32034497384419625 0.2771172869975152 0.018507659217682403 0.03104057727854738 0.5679347826086956
dropbox 0.36685988972147604 0.3576342833600102 0.008740923316330603 0.023440757531534205 0.5815217391304348
dropbox 0.408850558461756 0.42751512067994923 0.20028718635327242 0.03245397446526947 0.5570652173913044
dropbox 0.4184080305386682 0.4336418452351258 0.20708280744389315 0.03939544472102159 0.5108695652173914
dropbox 0.41509967481973703 0.4315877197401497 0.2105605605252878 0.03507352816202886 0.5923913043478262
duckduckgo 0.15385267920260146 0.1493763004973154 0.15058547170563824 0.030341009941580524 0.043478260869565216
duckduckgo 0.14573731090060796 0.14873227450666146 0.10971186542225317 0.027982994557199374 0.043478260869565216
duckduckgo 0.127809981620246 0.14967709647018096 0.13064359414764642 0.03597597921818271 0.021739130434782608
duckduckgo 0.14896083698572035 0.15185018393126895 0.10381980148363497 0.029571242680798422 0.05434782608695653
ea 0.007691220132899759 0.007455102626691823 0.03427650077145476 0.0440599562059434 0.35733695652173914
ea 0.007776049766718505 0.006394159853415885 0.03288027398003222 0.040729662702150726 0.3967391304347826
ea 0.025109571610349216 0.018839891093894383 0.02964569188908093 0.024516135902796256 0.2608695652173913
ea 0.004609076770818607 0.004279972924085435 0.0424716889003591 0.04571748652025124 0.453804347826087
ebay 0.2553089212498233 0.21686647276945628 0.023375578815703145 0.020046771202811828 0.19293478260869565
ebay 0.2531316273151421 0.21795683525854265 0.016591613642273358 0.018318281829075415 0.18206521739130435
ebay 0.2471935529478298 0.21994799706267204 0.03941855020088448 0.019604272735800822 0.20380434782608695
ebay 0.2501343135868797 0.21983089865072875 0.02227385968422973 0.019173550395556353 0.15760869565217392
edx 0.02109430227626184 0.021090361878085002 0.02953300648687019 0.02883733591626747 0.33967391304347827
edx 0.004015269334087374 0.005729145965813068 0.048511940743646814 0.04883668356363907 0.3641304347826087
edx 0.00217729393468118 0.0028192519565256643 0.04707717025290912 0.04992622828720085 0.375
edx 0.003449738441962391 0.0038135039306176188 0.05482130630496525 0.05552331964093344 0.33967391304347827
epicgames 0.18529619680475048 0.17812800851344865 0.11479486902052571 0.05005363656338809 0.49999999999999994
epicgames 0.22850275696309913 0.21575319772911566 0.06259557767548794 0.042604202320447315 0.5570652173913044
epicgames 0.20907677081860598 0.20351554300409394 0.05771480350047066 0.03941099454784052 0.5108695652173914
epicgames 0.21707903294217448 0.21500264365016372 0.06040086984254937 0.043317854196260136 0.4320652173913043
espn 0.46435741552382304 0.3463832430919957 0.02697407385023446 0.04272751620119256 0.625
espn 0.4434044959705924 0.3375206071667223 0.021836718305295107 0.03781670529176009 0.6358695652173914
espn 0.4265799519298742 0.33627783038669273 0.019497413446479546 0.03657689402632663 0.625
espn 0.41976530467976814 0.33886676537801086 0.017654228212273783 0.031713056827211296 0.625
etsy 0.07354729252085394 0.07547531858451392 0.24183107980878588 0.06518962431968484 0.23641304347826086
etsy 0.08219991517036618 0.07553467736729655 0.1799329192467444 0.05642053645352323 0.19293478260869565
etsy 0.0720203591121165 0.07458802239967671 0.17729718548358514 0.06498044512799647 0.22554347826086957
etsy 0.0736321221546727 0.0748377386582795 0.15812247672048807 0.06602498364733819 0.1467391304347826
expedia 0.4027428248268062 0.3691492151183368 0.0379205286625886 0.03874686712761301 0.625
expedia 0.39236533295631276 0.3606165504811926 0.039561748948581825 0.03666983260302794 0.6141304347826086
expedia 0.4023469532023187 0.3698011841267589 0.030337737497126094 0.035897048354886676 0.5923913043478262
expedia 0.060540082001979356 0.06462943332281089 0.12405582490518632 0.0658460624138403 0.6494565217391304
facebook 0.07866534709458504 0.07757053392140587 0.18417463436410048 0.0544132401770591 0.10054347826086957
facebook 0.07951364343277251 0.07769413949790537 0.1997528125740392 0.05335558828459029 0.010869565217391304
facebook 0.08200197935812244 0.078183123891739 0.12423296500128198 0.054163585012902395 0.05434782608695653
facebook 0.07798671002403507 0.07754771302035665 0.16279326626879553 0.05533157699575853 0.05434782608695653
fifa 0.23130213487911777 0.22244610670081838 0.032466793295485824 0.028981793853316146 0.453804347826087
fifa 0.20967057825533722 0.20920848713892531 0.05628776096967708 0.027207900247139392 0.375
fifa 0.21413827230312457 0.2060701702686674 0.03846508018076567 0.027582483476797016 0.453804347826087
fifa 0.208398133748056 0.20551110401806413 0.06961338698292058 0.02794435822458051 0.4320652173913043
foodnetwork 0.3546726989961827 0.2556538171348063 0.009683421889925837 0.02583404823779479 0.5108695652173914
foodnetwork 0.2833592534992224 0.213870702518068 0.030654669109768877 0.037600392251043606 0.7038043478260869
foodnetwork 0.3475470097554079 0.24770108444494085 0.0077212984937637 0.020475874628805138 0.46467391304347827
foodnetwork 0.35619963240492014 0.24666931698692865 0.005209099304814368 0.017702628206561818 0.453804347826087
foxnews 0.3359536264668458 0.285837376303919 0.0029556241241173575 0.005179501206345494 0.20380434782608695
foxnews 0.3449738441962392 0.2942937268703524 0.006446529058234814 0.0065652855444880785 0.12228260869565216
foxnews 0.336547433903577 0.3038088206051413 0.004717561629877678 0.006731216797042253 0.1358695652173913
foxnews 0.33075074225929596 0.3031805584497503 0.0039049145907350067 0.005110740580651479 0.125
github 0.22236674678354307 0.22215129854134727 0.09632864747356498 0.05326361246687891 0.6576086956521738
github 0.21125406475328717 0.219989270204998 0.09426122625546283 0.04882026862271956 0.7282608695652173
github 0.216909373674537 0.22308891068873876 0.08518467219158293 0.04702757622077213 0.7608695652173914
github 0.20135727414109997 0.22057827552257345 0.12076234464831342 0.04134767579919016 0.5896739130434783
gitlab 0.40820019793581225 0.38262139810493656 0.02362861875252925 0.039930039346354765 0.625
gitlab 0.38837834016683165 0.35844560152488836 0.05907413396196694 0.051249657361936346 0.6929347826086956
gitlab 0.3970592393609501 0.3588937404773528 0.025627250050724762 0.03982117956588481 0.5461956521739131
gitlab 0.33417220415665205 0.30349937896293583 0.022067667461790112 0.04050648282709001 0.6929347826086956
glassdoor 0.3050756397568217 0.24958577926090894 0.02034116407542899 0.03207703679667783 0.6929347826086956
glassdoor 0.31381309204015273 0.2560320269808428 0.022941206614514834 0.03154452576262398 0.7038043478260869
glassdoor 0.3025024741976531 0.24858798347888963 0.021314485967687133 0.02850989270486435 0.6576086956521738
glassdoor 0.2942457231726283 0.24559493218358355 0.02920701995161857 0.02818721478384257 0.5570652173913044
google 0.11621659833168387 0.10804844299896459 0.11004229625106345 0.04357574922236804 0.3233695652173913
google 0.11395447476318395 0.10738061850507458 0.14094555208382775 0.04510602235998475 0.10054347826086957
google 0.11910080588152129 0.10803781157518262 0.0975187297130058 0.03678050181937323 0.125
google 0.104085960695603 0.10639983911112011 0.0891945506763907 0.04776098132987748 0.010869565217391304
hellofresh 0.21555209953343704 0.19451931162997416 0.06335124353168804 0.05007363866688202 0.6494565217391304
hellofresh 0.22298883076488055 0.19786796572074591 0.04964358409050058 0.04217789600706499 0.6467391304347825
hellofresh 0.21908666760921816 0.19746458261839808 0.03616425460641445 0.035795210719724996 0.6467391304347825
hellofresh 0.22188604552523683 0.2007603545408751 0.07397164029964418 0.051789093396969924 0.6820652173913044
hulu 0.026042697582355435 0.03136297510740717 0.1950745990495876 0.057049402961824404 0.2282608695652174
hulu 0.013827230312455818 0.014923433432974418 0.038630357412501114 0.04036545333156255 0.2717391304347826
hulu 0.01659833168386823 0.018740633921861052 0.03819344017529107 0.03622928775257295 0.2717391304347826
hulu 0.012158914180687121 0.012969817662833621 0.035195734440070806 0.04037152121185005 0.3641304347826087
ibm 0.02810688533861162 0.02691167740007676 0.08666561933863932 0.038391391435997846 0.31657608695652173
ibm 0.006531881804043547 0.004740270803748775 0.04208237768479674 0.04785593678328444 0.47826086956521735
ibm 0.020981196097836847 0.018239979401921923 0.03719363850951143 0.03212983352118614 0.3532608695652174
ibm 0.020981196097836847 0.01780622953164515 0.024766803212417185 0.03133915315690338 0.3858695652173913
imdb 0.3681888873179698 0.306137530114348 0.012667661511563814 0.02486270603310943 0.6603260869565217
imdb 0.35815071398275133 0.3059214494809865 0.016544679238732783 0.02331435056288759 0.5679347826086956
imdb 0.3648239785098261 0.30921077533904395 0.06215548843775984 0.03377323581496306 0.6005434782608696
imdb 0.35224091616004527 0.3033435125142704 0.006827655559678432 0.019969556924714763 0.5217391304347827
indeed 0.07897638908525378 0.0750633203628945 0.04633465719270364 0.05639739138600714 0.7282608695652173
indeed 0.0753004382864414 0.07467014098337188 0.07765898638952602 0.05384523454087156 0.6929347826086956
indeed 0.07583769263396013 0.07390923043125303 0.09271589713031525 0.058533164547317655 0.7391304347826086
indeed 0.07948536688816626 0.07461667836377868 0.03653240072065575 0.05328334448997785 0.9429347826086956
instagram 0.20557047928743108 0.21753564146635318 0.07413524352363338 0.020640327705479362 0.019021739130434784
instagram 0.20927470663084974 0.21747997924183957 0.1108577452780357 0.020939445980933474 0.03260869565217391
instagram 0.21891700834158068 0.21819491194110827 0.09849890577280443 0.01855063539177559 0.010869565217391304
instagram 0.21444931429379332 0.21823212192434516 0.09008682250429438 0.02013805436458857 0.1902173913043478
intel 0.011904425279230874 0.013427182735936424 0.04166468183228362 0.04009456006280652 0.3858695652173913
intel 0.007153965785381026 0.00738752587552601 0.03876013444333539 0.048499448767501806 0.4293478260869565
intel 0.007436731231443516 0.008412602868571989 0.04070658096101942 0.04812155375830885 0.4429347826086956
intel 0.015325887176587023 0.016605092494761657 0.03388479803040607 0.036918302853082396 0.375
irs 0.0048352891276685975 0.0063530089113632855 0.05060070409278947 0.04828189486660604 0.33967391304347827
irs 0.0012724445072812111 0.0015289698202290408 0.047059959717056364 0.05306969625440024 0.49999999999999994
irs 0.0012158914180687118 0.001849867738061636 0.03928810971647108 0.054458511983834355 0.3858695652173913
irs 0.0010462321504312172 0.0016354368083903708 0.03464246411840403 0.0548397340334287 0.5353260869565217
kayak 0.3317686978651209 0.2947529860476922 0.0887198855073096 0.029156811950619643 0.4320652173913043
kayak 0.313615156227909 0.285449573736424 0.06059770781983717 0.027280580179631315 0.453804347826087
kayak 0.32068429237947127 0.28751081739732304 0.03296465355363852 0.02643529990650724 0.4864130434782608
kayak 0.31307790188039025 0.2873064374401353 0.03200347463814321 0.02810499318733445 0.4076086956521739
khanacademy 0.008398133748055987 0.006417347355285168 0.03522400062168815 0.04351105681667094 0.4076086956521739
khanacademy 0.008030538668174748 0.006088781370299489 0.028839650096363564 0.045412534724493074 0.46603260869565216
khanacademy 0.008539516471087232 0.0054708145879386934 0.029176458678242805 0.04424512584157242 0.375
khanacademy 0.008596069560299732 0.009131140475904688 0.0460765844223175 0.042983798727521144 0.3858695652173913
linkedin 0.11149441538244027 0.10232210763943869 0.09046902174796319 0.03980418326104783 0.16847826086956522
linkedin 0.10671567934398417 0.0970680152362967 0.10703615326322938 0.039058981623022654 0.1793478260869565
linkedin 0.09633818747349074 0.09128222944378317 0.07482624460697905 0.03654782354563118 0.1793478260869565
linkedin 0.1155379612611339 0.10139903732457656 0.13886964327320447 0.03610181432525302 0.15760869565217392
mayoclinic 0.010943022762618406 0.011032423978980821 0.03840160572965808 0.03700451651339325 0.3070652173913043
mayoclinic 0.009783684433762194 0.010127744805258744 0.039664275194854465 0.03919028819573496 0.2826086956521739
mayoclinic 0.018803902163155663 0.022466581356619164 0.039799012312051955 0.028673173967301013 0.18206521739130435
mayoclinic 0.02137706772232433 0.022801471205751017 0.029833551176670872 0.02689709540962154 0.2608695652173913
medium 0.13793298458928321 0.12310009506875767 0.07450711450876368 0.03217658967411073 0.5679347826086956
medium 0.13306941891700835 0.12131664317926498 0.04610378874491603 0.03402454648740591 0.49999999999999994
medium 0.12922380885055848 0.12070524466159706 0.06266247543994972 0.03513453880232826 0.47554347826086957
medium 0.13527498939629579 0.12187500677829642 0.049928744978378056 0.030628975491535898 0.5244565217391304
microsoft 0.008398133748055987 0.009052565700136845 0.04091930466756748 0.04542368016212751 0.3967391304347826
microsoft 0.01221546726989962 0.013630676741142338 0.03179536245441585 0.0385752570980539 0.3858695652173913
microsoft 0.00933125972006221 0.008931954030334569 0.0352260740340528 0.047153858652328524 0.35054347826086957
microsoft 0.00921815354163721 0.009044133881275286 0.03936290149096269 0.04290230490915332 0.391304347826087
mit 0.005513926198218576 0.004851473052502645 0.04909853788562542 0.047887076826460644 0.453804347826087
mit 0.0027145482821999134 0.0023617952332178494 0.04567139937423407 0.05438472372792102 0.47826086956521735
mit 0.0031669729958999013 0.0023647280397783906 0.03500424292034804 0.052014495210637474 0.35190217391304346
mit 0.004156652057118619 0.0035830342150683873 0.052559006658127905 0.05098177777758056 0.45652173913043476
mlb 0.4808991941184787 0.3702743130351246 0.3989666700974576 0.05003005405335291 0.33967391304347827
mlb 0.37274141099957586 0.29314388339821 0.006005770364742822 0.015126369892458087 0.3070652173913043
mlb 0.3757952778170508 0.31833244529376353 0.01088176730831029 0.018351916469545503 0.35054347826086957
mlb 0.3839671992082568 0.31172669566703193 0.00626516432196293 0.015798696573988653 0.33967391304347827
monster 0.2111126820302559 0.21909910231373694 0.05056790716668512 0.0417447704234711 0.7173913043478262
monster 0.2093878128092747 0.21676434389099908 0.03704508304355849 0.040026402422189945 0.7282608695652173
monster 0.20492011876148736 0.21669768364188344 0.0638500379319072 0.03727813234215259 0.5788043478260869
monster 0.2074650077760498 0.21795466620369058 0.04426984396367647 0.0400421967291159 0.6820652173913044
nasa 0.018832178707761913 0.016261618076426558 0.02936915924881718 0.030791263991337615 0.3070652173913043
nasa 0.021179131910080588 0.015769334275212307 0.03218293354623888 0.02810076328173377 0.2826086956521739
nasa 0.01702247985296197 0.011992734827148173 0.030946150635977047 0.02978593965212953 0.33967391304347827
nasa 0.02058532447334936 0.017998481111702325 0.0319587559691899 0.027815995206202336 0.2826086956521739
nba 0.3569348225646826 0.27902688011917953 0.0433353054077473 0.02930563636089102 0.4320652173913043
nba 0.38190301145200056 0.2970544448959406 0.025199501506622667 0.03456377638120331 0.5896739130434783
nba 0.36881097129930723 0.28979712341167524 0.041647926536838555 0.028672041355661516 0.49999999999999994
nba 0.34845185918280785 0.2732134770648876 0.016084397612758337 0.024806319848526312 0.46739130434782605
netflix 0.00933125972006221 0.009269012934318486 0.04325813963388842 0.043980130854838914 0.375
netflix 0.010603704227343417 0.011709199642894142 0.0326268112288691 0.049000988137307265 0.2608695652173913
netflix 0.010773363494980912 0.012246392044566687 0.03285463275295191 0.04351346588676778 0.375
netflix 0.011989254913049623 0.010157470021752565 0.04168683073031741 0.050312492829881955 0.2391304347826087
nfl 0.993411565106744 0.9228436333550657 0.5231942118606963 0.11749449932644071 0.3641304347826087
nfl 0.9042556199632406 0.8617594132627195 0.5284393879765134 0.11531205792629179 0.3532608695652174
nfl 0.8630001413827231 0.841641093459044 0.5448949851720123 0.11318919847652398 0.33967391304347827
nfl 1.0 1.0000000000000002 0.5136016011090025 0.12373150986568193 0.4429347826086956
notion 0.30083415806588437 0.2746685157197363 0.05998594444882488 0.026285110921419975 0.3641304347826087
notion 0.3063198077194967 0.2779789822250843 0.0594978046382585 0.025030704166919826 0.30434782608695654
notion 0.29749752580234695 0.26987191058997045 0.05533116413492743 0.033495325222942414 0.5570652173913044
notion 0.30697016824544043 0.2829236024359525 0.03604633227133656 0.027313405228447808 0.6317934782608696
nytimes 0.3313162731514209 0.28255492421123773 0.006278497840368958 0.008199029510334722 0.125
nytimes 0.32990244592110846 0.2859904015962289 0.00786254518305214 0.00787620916822233 0.1358695652173913
nytimes 0.32011876148734625 0.2821993214157721 0.008509006780263352 0.0054957471870397245 0.11141304347826086
nytimes 0.3310617842499647 0.28595988207795825 0.007656655523881414 0.009745057350584035 0.16847826086956522
pandora 0.01716386257599321 0.015762582710109392 0.02690435837152301 0.035717869458325516 0.328804347826087
pandora 0.01693765021914322 0.015978113442240864 0.03329567816617073 0.03748943039288829 0.3532608695652174
pandora 0.006899476883924782 0.006703815346099739 0.2406523911099704 0.08460008290790272 0.37364130434782605
pandora 0.006136010179556058 0.006124158349436021 0.036863002699022464 0.04989762040784193 0.4429347826086956
paypal 0.14712286158631416 0.13690325749574186 0.05330479928585946 0.040283597699853915 0.6032608695652173
paypal 0.1399406192563269 0.1345190996124999 0.054687842015119725 0.04423644788143377 0.5326086956521738
paypal 0.14983740986851407 0.13764427995337206 0.21850422750141305 0.11318668517496938 0.5788043478260869
paypal 0.14237240209246432 0.13522721964652898 0.055991288982150916 0.047086002981693985 0.5217391304347827
pinterest 0.31502898345822145 0.3787572727110812 0.005404933424814384 0.0026712467176998687 0.0
pinterest 0.3139827513077902 0.35471977629040363 0.007487459024798896 0.0024030499165796065 0.00815217391304348
pinterest 0.31372826240633395 0.35882692747789546 0.0055276224585661515 0.0031972491504671137 0.0
pinterest 0.31531174890428393 0.35732056470823725 0.005688752808713499 0.006476773167792445 0.010869565217391304
quora 0.19917998020641878 0.17403924846709687 0.03333170290330044 0.037970747272318625 0.6684782608695652
quora 0.19120599462745655 0.1766923080518585 0.02186441979147042 0.030504391359674296 0.4891304347826087
quora 0.1720627739290259 0.15365098825957818 0.04684801967102554 0.039996861534692514 0.7065217391304348
quora 0.17404213205146332 0.14964214719200117 0.017780117546854317 0.0405748654123585 1.0
reddit 0.007012583062349781 0.006049188481732174 0.046797172111256814 0.0472031840697604 0.4320652173913043
reddit 0.014166548847730807 0.012047633299953312 0.02496976168773079 0.034233953141826125 0.375
reddit 0.007776049766718505 0.0065835702771175324 0.03942776224764335 0.045516379335528934 0.3641304347826087
reddit 0.007040859606956031 0.005473075292995776 0.03518354723428104 0.047607795316992434 0.453804347826087
roblox 0.16301427965502616 0.15547589659180688 0.08484741917406205 0.03955150213482188 0.49999999999999994
roblox 0.16606814647250107 0.15638549432653154 0.1265119875148 0.04538747566116206 0.5461956521739131
roblox 0.15956454121306377 0.155166057798713 0.1761276232336217 0.05033986179232847 0.5108695652173914
roblox 0.16428672416230738 0.15565003198133903 0.07073702583390054 0.04143226661883299 0.3967391304347826
shopify 0.17658702106602575 0.15457729688168426 0.03331511639153299 0.027770653297818332 0.6032608695652173
shopify 0.17062067015410717 0.15399589853112522 0.01634330412556048 0.028149028309067146 0.5461956521739131
shopify 0.16813233422875726 0.15287015906290233 0.01567762306629491 0.023527762772074252 0.4320652173913043
shopify 0.1726000282765446 0.1545032435160306 0.035722594030331484 0.024888953488234854 0.46467391304347827
shopifywordpress 0.13555775484235827 0.11657716667729302 0.5184774365277357 0.4876415108614874 0.9103260869565217
slack 0.616456948960837 0.5976008237031626 0.31815027070927027 0.0753949687565996 0.7146739130434783
slack 0.5779442952071258 0.5655670912953049 0.3469314662782256 0.07352204877432411 0.5217391304347827
slack 0.5556058249681889 0.5262830028187632 0.34986872651059076 0.07153363510766872 0.5461956521739131
slack 0.5952495405061502 0.5670063355648224 0.36946782742802725 0.07712391744160368 0.6141304347826086
snapchat 0.19420330835571895 0.18852474667043206 0.06924792788038357 0.046575501524581404 0.5326086956521738
snapchat 0.1940053725434752 0.18904669458800347 0.06908844712355906 0.03492734596547558 0.4184782608695652
snapchat 0.19765304679768134 0.18916788670910417 0.091450733519678 0.030657467401030786 0.3179347826086956
snapchat 0.19570196521985014 0.18917253031949172 0.02560600423322925 0.030829400870073388 0.30434782608695654
soundcloud 0.002120740845468684 0.0019475974066780182 0.04072898726102077 0.0611619931425063 0.3967391304347826
soundcloud 0.14228757245864557 0.0993836798663227 0.9999999999999999 1.0000000000000002 0.47146739130434784
soundcloud 0.12390781846458364 0.09251409984941567 0.7958884912229887 0.6880795394906202 0.5108695652173914
soundcloud 0.004015269334087374 0.0042024063005727755 0.04370368808123675 0.05907946447161331 0.2608695652173913
spotify 0.014336208115368305 0.013508812518538164 0.03540808740064622 0.03664549974978303 0.3532608695652174
spotify 0.008652622649512227 0.007735124553086869 0.036380327575428896 0.04284595066087335 0.4320652173913043
spotify 0.010999575851830905 0.010873991324574896 0.040433396719926955 0.04137288097747964 0.35054347826086957
spotify 0.007889155945143504 0.007377383252837469 0.0423244645278234 0.04649570873228688 0.3070652173913043
stackoverflow 0.13555775484235827 0.128052841597804 0.11035392173033687 0.04911538002670754 0.5923913043478262
stackoverflow 0.13861162165983318 0.1288021736740224 0.07899885830102904 0.050399942681410646 0.5570652173913044
stackoverflow 0.1414958292096706 0.12983589633640832 0.11350071947512783 0.052480570401638234 0.5923913043478262
stackoverflow 0.1347660115933833 0.1282570993547184 0.08685523076232324 0.04292009680403187 0.5679347826086956
steamcommunity 0.35034638767142656 0.3770472326358071 0.008049408706101538 0.018920454729680243 0.5244565217391304
steamcommunity 0.3905839106461191 0.39029294796581 0.04480755259348133 0.04752024319560135 0.7391304347826086
steamcommunity 0.3588859041425138 0.3863631704750942 0.11097595981667038 0.036736831754233375 0.6467391304347825
steamcommunity 0.3563975682171639 0.3787312135027881 0.008793181174992051 0.019768087918736937 0.5217391304347827
tiktok 0.21196097836844338 0.18318019551493836 0.03960555254924262 0.03427186120109994 0.5217391304347827
tiktok 0.28683726848579105 0.2687567108953245 0.01332586917355799 0.020460303544473712 0.47826086956521735
tiktok 0.24428106885338613 0.22543365898382348 0.05171936484511959 0.02645302875570217 0.4864130434782608
tiktok 0.23282906828785527 0.219864809226585 0.023894589565451728 0.027352796315111366 0.4891304347826087
tripadvisor 0.07662943588293511 0.07914288483867625 0.08640636287197302 0.05211335964548461 0.35054347826086957
tripadvisor 0.07459352467128516 0.0760195986020411 0.07693114181471153 0.06281379628525904 0.5461956521739131
tripadvisor 0.07971157924501626 0.07765210260387093 0.10805357471392972 0.060500528076308464 0.5815217391304348
tripadvisor 0.07544182100947264 0.07711710980711879 0.16105024913734275 0.061238598107744895 0.5108695652173914
tumblr 0.1604411140958575 0.15858467154598102 0.09241247699451068 0.0500953619675221 0.6467391304347825
tumblr 0.16423017107309487 0.15979570680500635 0.07024963578706472 0.048202271428110136 0.625
tumblr 0.26017248692209816 0.27447504213694557 0.010576745689044703 0.023940114809678607 0.7961956521739131
tumblr 0.2307931570762053 0.24468875605651288 0.009026033963002915 0.019860108198246327 0.6711956521739131
twitch 0.29037183656157217 0.295968481616695 0.033321910828406465 0.02488334650186836 0.1358695652173913
twitch 0.2614732079739856 0.25594343178265977 0.03421901157135095 0.024589958305684258 0.16847826086956522
twitch 0.2492860172486922 0.26220653184290144 0.164855833663746 0.057786850110300166 0.08967391304347826
twitch 0.2769404778736039 0.24307778985286202 0.03150090261157726 0.025562555106037256 0.18206521739130435
twitter 0.14146755266506433 0.13769288511209934 0.0637631261315076 0.03699039601041871 0.1467391304347826
twitter 0.1427682737169518 0.13653955893216635 0.10243550803868122 0.0350154040753604 0.15760869565217392
twitter 0.14890428389650787 0.1368523610818891 0.1626305424445335 0.03778490617811699 0.1358695652173913
twitter 0.1285451717800085 0.13471281759583734 0.16137586913522214 0.045370566210452594 0.06793478260869565
ubereats 0.1617135586031387 0.149341656719819 0.07527243387558331 0.051441355545257354 0.763586956521739
ubereats 0.16702954898911354 0.14993958265734944 0.09503491916723035 0.04821206267570565 0.7853260869565217
ubereats 0.1594514350346388 0.14752178914886624 0.09700861482115074 0.053983333911179564 0.8641304347826086
ubereats 0.15690654602007637 0.14768611796646158 0.10122421173744522 0.05389852424584108 0.7391304347826086
udemy 0.003930439700268625 0.0027837527771157767 0.030973123707132982 0.05073175392827968 0.47554347826086957
udemy 0.004184928601724869 0.003408562774784499 0.03507383323857148 0.051099376121987526 0.46603260869565216
udemy 0.005004948395306092 0.004430798611474955 0.03881638064500158 0.04787214848286128 0.3967391304347826
udemy 0.004184928601724869 0.0024369789514000675 0.02217244147995192 0.04891643192330685 0.46467391304347827
usa 0.0048352891276685975 0.004018250488625431 0.027947915070996122 0.05070541386285158 0.453804347826087
usa 0.0030821433620811522 0.002515614827304587 0.05020167140331813 0.05456105878123028 0.4184782608695652
usa 0.003449738441962391 0.003035210389613881 0.04329357992960849 0.05543129796872611 0.3804347826086956
usa 0.004948395306093596 0.004874660554371928 0.03531800875037236 0.04896775179124924 0.47554347826086957
vimeo 0.3211367170931712 0.3364765280311694 0.010286390199668512 0.0033217005346543194 0.10054347826086957
vimeo 0.3243885197228899 0.3453746936859211 0.0031480166395286436 0.003225010663470416 0.10054347826086957
vimeo 0.3227202035911212 0.34994901651845256 0.002738654863691632 0.002424218907098855 0.06793478260869565
vimeo 0.32218294924360247 0.3464103715526807 0.004640120808909647 0.003622206065453666 0.08967391304347826
walmart 0.240746500777605 0.19240295564579163 0.03419530765356017 0.02737154306752948 0.22554347826086957
walmart 0.2476459776615298 0.19388536716187207 0.02074280273737595 0.023559409913018824 0.22554347826086957
walmart 0.23099109288844905 0.1956037779558711 0.025290629892050512 0.028989268123456438 0.21467391304347827
walmart 0.23121730524529904 0.19316860145850304 0.022051570398454887 0.025778975658202016 0.2717391304347826
weather 0.4504736321221547 0.30419051315896845 0.2493960298997009 0.028827254773672227 0.35054347826086957
weather 0.4368726141665489 0.3064435806989679 0.2611319768938087 0.030989305108850097 0.328804347826087
weather 0.43271596210943025 0.2796098059731555 0.01141053622157979 0.02382764558016831 0.47826086956521735
weather 0.3820161176304256 0.2712211849082296 0.003512434433719845 0.010968211004474607 0.30434782608695654
webmd 0.009614025166124699 0.007841683191453215 0.03135671525212982 0.039199925545879664 0.41032608695652173
webmd 0.008087091757387248 0.006871260270665662 0.02833997551371055 0.04110022361044577 0.4429347826086956
webmd 0.006277392902587303 0.005469256534453406 0.05029203267953458 0.04238524160023429 0.35054347826086957
webmd 0.010518874593524671 0.004738010098691693 0.02859245206394693 0.041309887109575116 0.2608695652173913
weebly 0.40760639049908104 0.44577019181563066 0.18741499322114338 0.031945572036899926 0.4429347826086956
weebly 0.3833451152269193 0.41992819450837476 0.11687005745279172 0.02417882808124191 0.5217391304347827
weebly 0.37808567793015696 0.41407492361490045 0.007323739023128941 0.02080886933955683 0.5353260869565217
weebly 0.39191290824261277 0.42902618816013166 0.10344603050373087 0.02360742599988723 0.4076086956521739
wellsfargo 0.20350629153117492 0.16787305322362642 0.02650211115243771 0.03302257911889634 0.5570652173913044
wellsfargo 0.19680475045949386 0.16806945961297767 0.02787472489335195 0.03294746796177144 0.47554347826086957
wellsfargo 0.19940619256326877 0.16829378876479079 0.032096178379312806 0.032240812609053336 0.5217391304347827
wellsfargo 0.1653329563127386 0.14511966782544095 0.05812418308330844 0.04601497249983352 0.4891304347826087
whitehouse 0.0005089778029124838 0.0011517986765160505 0.0476647419447098 0.05368729645322974 0.483695652173913
whitehouse 0.0008765728827937226 0.0017946026644364305 0.0432894127676277 0.0542878599210903 0.4429347826086956
whitehouse 0.0003110419906687395 0.0012639479773884302 0.047054665779509494 0.057358046317436163 0.3070652173913043
whitehouse 0.0 0.001234619911783013 0.046261626824546646 0.05254917729038787 0.4483695652173913
who 0.008709175738724727 0.009885604963604024 0.039551307985967954 0.03951375190344514 0.36820652173913043
who 0.0027145482821999134 0.0030417175541700824 0.04161989736726352 0.0503561899746567 0.4320652173913043
who 0.010773363494980912 0.005309418576903887 0.03078146795275563 0.047747842121188835 0.4184782608695652
who 0.00763466704368726 0.005515570438055293 0.05301061140324746 0.04129124689910611 0.328804347826087
wikipedia 0.06956029973137283 0.06819120469031534 0.08065668011489607 0.05198089203706821 0.6032608695652173
wikipedia 0.06599745511098544 0.06782982793193361 0.193685137770056 0.06245532219824294 0.6372282608695652
wikipedia 0.06678919835996042 0.06806506345814371 0.17336159028065037 0.06389721610699914 0.6494565217391304
wikipedia 0.0656864131203167 0.06791329071863568 0.08937908371042709 0.05263366984770378 0.5679347826086956
wordpress 0.13439841651350207 0.11364374911538459 0.09804285792459741 0.04942436090834382 0.6005434782608696
wordpress 0.14585041707903296 0.11555077603130846 0.13260003688416613 0.047026157523715 0.7146739130434783
wordpress 0.13374805598755835 0.11404383281035181 0.0921861207389226 0.04681815746119952 0.6467391304347825
wordpress 0.13878128092747066 0.11436146187087214 0.1035730452256873 0.04259353607180198 0.6317934782608696
yahoo 0.233592534992224 0.18569186938342722 0.022294043959577237 0.017326440562723103 0.1467391304347826
yahoo 0.32551958150713983 0.25243469533379176 0.008000803994185476 0.008266862559872912 0.1358695652173913
yahoo 0.3182807860879401 0.2551517267616552 0.03312931289205658 0.01280181341296327 0.1358695652173913
yahoo 0.41744662802205573 0.292531934979312 0.2682834362827178 0.04866427076199888 0.21467391304347827
yelp 0.17836844337621943 0.16128771104254522 0.070050905626064 0.04119395570662426 0.6358695652173914
yelp 0.1798388236957444 0.16140477890442018 0.06179169976823379 0.040387690142069464 0.5788043478260869
yelp 0.17913191008058818 0.1617462370182449 0.03903480880176675 0.03956959072731652 0.5108695652173914
yelp 0.17421179131910083 0.16108956329929863 0.05154298925855076 0.04007441190774733 0.5108695652173914
youtube 0.1944012441679627 0.1941075883589698 0.05736588241486665 0.030254212586810665 0.11141304347826086
youtube 0.20763466704368727 0.19724868528544656 0.06870357349419816 0.026746462595615257 0.1467391304347826
youtube 0.20328007917432492 0.19491340751154693 0.03593815206024299 0.029259905024410948 0.1467391304347826
youtube 0.20740845468683727 0.19844676731549615 0.07646557183470705 0.02532932341478035 0.06521739130434782
ziprecruiter 0.11166407465007776 0.10435490918671413 0.08172680457091437 0.07280484757839709 0.8532608695652173
ziprecruiter 0.11664074650077762 0.1055380827834143 0.07101274484026864 0.05154030555083333 0.6820652173913044
ziprecruiter 0.11401102785239643 0.10568148480419745 0.06681670034756644 0.05323187793000027 0.5461956521739131
ziprecruiter 0.11375653895094019 0.10527431349337558 0.10844497782290168 0.05791159679401727 0.8396739130434783
zoho 0.3919977378764315 0.4363890601305081 0.13239218121259444 0.02653161589043486 0.6929347826086956
zoho 0.38348649794995054 0.40910656600093287 0.008727221806820297 0.020726358549150902 0.46467391304347827
zoho 0.3914604835289128 0.4257170658577905 0.08123093979866254 0.0244325175655701 0.6032608695652173
zoho 0.38227060653188183 0.40295977005085765 0.009662758619290604 0.024762705080679223 0.6820652173913044
