adobe 0.003336632263537396 0.0021269263078278044 0.019483340693152516 0.0022455805064500716 0.00503469859844877
adobe 0.0025731655591686685 0.0 0.014385478839332772 0.0 0.0069397196897537095
adobe 0.002827654460624912 0.0019448173504591718 0.013664335265879403 0.002150023889154324 0.005238808001088585
adobe 0.0019510815778311895 0.0012793146617629345 0.007973533140553553 0.001481127568084089 0.00394611511770309
airbnb 0.19686130354870637 0.1883816501503323 0.035781185453198666 0.2001911132345915 0.15777656824057698
airbnb 0.19505160469390642 0.17545524413460836 0.03305152348257147 0.18308647873865264 0.17274459110083007
airbnb 0.1829492436024318 0.18197322341500213 0.02663957778379225 0.1941232680363115 0.13756973737923528
airbnb 0.19380743673123146 0.18704096040127638 0.031178330793008642 0.19765886287625417 0.14689073343312017
alibaba 0.2737452283330977 0.19360192362782305 0.4351558382359226 0.18623984710941233 0.27520751122601717
alibaba 0.2480984023752298 0.18360899627414423 0.3743696670987593 0.17935977066411848 0.2362226153218125
alibaba 0.2620670154107168 0.18554547345594685 0.39482165496218 0.18026755852842807 0.2701047761600218
alibaba 0.26181252650926057 0.18642647632670623 0.405140240167519 0.18064978499761108 0.2673833174581576
allrecipes 0.22231019369433055 0.16366502571047928 0.3491527898462985 0.15379837553750597 0.2384678187508505
allrecipes 0.18979216739714408 0.1493490803864254 0.2898943747240068 0.14371715241280458 0.19580895359912914
allrecipes 0.1891700834158066 0.1496470352029354 0.28578474665603054 0.14409937888198757 0.19267927609198532
allrecipes 0.19869927894811257 0.15221091913821558 0.2829802994259341 0.14448160535117055 0.21077697645938226
amazon 0.10089071115509685 0.09962025959553972 0.09603495676699761 0.10043000477783086 0.07905837528915499
amazon 0.10394457797257176 0.10157546396923414 0.11780102847537784 0.10195891065456282 0.08252823513403185
amazon 0.10586738300579669 0.0999508724351041 0.10831576473269611 0.10023889154323937 0.09008028303170501
amazon 0.3177152551958151 0.3318112270951245 0.2321085169726927 0.32904921165790735 0.2267655463328344
apple 0.008256751025024742 0.006433813842119876 0.014262617341633308 0.006545628284758718 0.01047761600217717
apple 0.007747773222112259 0.006781198669202364 0.003990327773108645 0.007023411371237458 0.00911688665124507
apple 0.008228474480418493 0.007290010057387998 0.010402273471887864 0.007453416149068321 0.009457068988978093
apple 0.007691220132899759 0.006413895197562863 0.01952251392430307 0.006450071667462972 0.008844740781058649
ask 0.2889014562420472 0.24470763599874637 0.09090148288485919 0.24147157190635452 0.31582528235134033
ask 0.27179414675526653 0.23589424678363533 0.07726741784305066 0.23349259436215958 0.2883385494625119
ask 0.3056411706489467 0.23987247668273673 0.08257361006253472 0.2339703774486383 0.3602530956592734
ask 0.26548847730807296 0.24199503433079203 0.07913170752553382 0.24123268036311515 0.2638454211457341
bankofamerica 0.23619397709599887 0.20430892827885713 0.1720399282061509 0.19875776397515527 0.24268607973874
bankofamerica 0.2318393892266365 0.205174656115447 0.1662262645831256 0.19995222169135213 0.2315961355286434
bankofamerica 0.22898345822140537 0.20104728078271475 0.17620831612085297 0.19579550883898708 0.23200435433392302
bankofamerica 0.2500494839530609 0.22217543309533508 0.1677095055625988 0.21724796942188246 0.2538440604163832
bbc 0.3315424855082709 0.2889857441466604 0.32385044372587285 0.28342092689918774 0.3256225336780515
bbc 0.3195532305952213 0.27466130590360827 0.2952753522029601 0.2693741041567128 0.33637229555041503
bbc 0.3275272161741835 0.2940738885785851 0.32214462756940787 0.2889632107023411 0.30500748401143013
bbc 0.3185069984447901 0.28417456663429685 0.28451517784646946 0.27959866220735785 0.3067083957000953
bing 0.16502191432206986 0.1597352482197635 0.038555362459224224 0.1619684663162924 0.14144781602939177
bing 0.15673688675243885 0.16003748004584098 0.048252517770402126 0.16282847587195412 0.11885970880391891
bing 0.17076205287713841 0.16132812878295769 0.04295522855799774 0.16063067367415193 0.15709620356511092
bing 0.184334794288138 0.1621544470313903 0.03339874075867865 0.15948399426660295 0.18886923390937543
bitly 0.20189452848861872 0.17591942187295076 0.18267011865927835 0.17448638318203535 0.18778065042862976
bitly 0.20328007917432492 0.17347480540446594 0.18536772980441873 0.17281414237935977 0.19955095931419242
bitly 0.19745511098543758 0.17292432372306596 0.1673765330978191 0.17228858098423314 0.1855354469995918
bitly 0.19485366888166267 0.1712088762856958 0.1541698123958348 0.17099856665074056 0.18403864471356648
booking 0.3172628304821151 0.27764781948428985 0.2821790287887637 0.27797419971333015 0.2990883113348755
booking 0.3154814081719214 0.27685180690364947 0.2772236150482187 0.277257525083612 0.29772758198394345
booking 0.31590555634101514 0.2787080290559256 0.2828307289069956 0.27935977066411843 0.2924207375153082
booking 0.3029266223667468 0.26923161170765386 0.24927351462229883 0.2698996655518394 0.2825554497210505
buzzfeed 0.34664216032800793 0.2329569493630479 0.6987026538083503 0.2113234591495461 0.3929106000816438
buzzfeed 0.3191008058815213 0.22818622014116516 0.4410140168943463 0.21046344959388436 0.33888964484963946
buzzfeed 0.31494415382440266 0.2300839903863823 0.48296676685517304 0.21452460582895364 0.330521159341407
buzzfeed 0.33691502898345826 0.2326400535041677 0.6728554436546488 0.2115145723841376 0.36902979997278545
canva 0.13369150289834583 0.11989560675047754 0.09550967934929701 0.11810797897754419 0.13028983535174857
canva 0.14141099957585185 0.12283324022181673 0.09956232817196335 0.11997133301481128 0.14103959722411213
canva 0.1731655591686696 0.15632497464115203 0.06113160781185453 0.15413282369804107 0.17240440876309704
canva 0.14030821433620813 0.1211021205993887 0.07197190923206222 0.1188246536072623 0.144509457068989
cdc 0.0014986568641312016 0.0024760219387372755 0.01316042506517001 0.002962255136168178 0.0015648387535719156
cdc 0.0008765728827937226 0.0016693779343149705 0.00016737653309781882 0.0021022455805064493 0.0012926928833854948
cdc 0.0010179556058249675 0.001523043106971279 0.008728508140909672 0.001958910654562827 0.0021091304939447574
cdc 0.0007634667043687239 0.0014259549897900157 0.00447465135824276 0.0018155757286192065 0.001156619948292286
chase 0.176841509967482 0.17046495157157343 0.09962821042435292 0.16837075967510748 0.14913593686215815
chase 0.18113954474763186 0.16814586533389347 0.07566309596729391 0.1670807453416149 0.1706354606068853
chase 0.1800084829633819 0.16906334498624956 0.09006638082078602 0.16770186335403725 0.16485236086542387
chase 0.18326028559310054 0.1706252172300797 0.1036363442116209 0.1687529861442905 0.16859436658048715
chegg 0.3125406475328715 0.2588166351598721 0.27142241563510494 0.252269469660774 0.31133487549326444
chegg 0.07063480842641029 0.06640310919043511 0.01958839617669264 0.06813186813186813 0.06885290515716425
chegg 0.08584758942457231 0.08152316286323918 0.034898007150895284 0.08284758719541328 0.07837801061368893
chegg 0.07289693199491022 0.06970853493450724 0.028968604435834246 0.07090301003344482 0.0668798475983127
citibank 0.2858758659691786 0.25477660247252093 0.2322758935057905 0.2536072623029144 0.2727581983943394
citibank 0.2925208539516471 0.2616683312889737 0.2640453839688893 0.2610129001433349 0.2737107089399919
citibank 0.2941043404495971 0.2642431215986509 0.2567377957578952 0.26306736741519354 0.2707171043679412
citibank 0.2864979499505161 0.25896697204616814 0.24214754775572997 0.25977066411849015 0.26241665532725544
clevelandclinic 0.0078043263113247545 0.007510673201000418 0.009529778778080084 0.007978977544194934 0.008776704313512046
clevelandclinic 0.006927753428531032 0.007382057413293333 0.005097861853819746 0.007931199235547061 0.0070077561573003155
clevelandclinic 0.007945709034356003 0.008139912958578294 0.011563225595076993 0.008647873865265169 0.00802830317049939
clevelandclinic 0.006927753428531032 0.007584451616039043 0.011509807552598965 0.008170090778786429 0.0069397196897537095
cnn 0.34913049625335785 0.35437229981311613 0.15421788863406505 0.3896798853320592 0.22581303578718195
cnn 0.336547433903577 0.33304703845957273 0.2629147020697711 0.36435738174868604 0.2453395019730576
cnn 0.3556623780574014 0.37259984533722407 0.1407761285451774 0.4187768752986144 0.22261532181249152
cnn 0.344153824402658 0.3474378314510571 0.2324877850742867 0.3806975633062589 0.2278541298135801
coursera 0.017390074932843207 0.015272162463063824 0.017476602897394625 0.0157190635451505 0.02000272145870187
coursera 0.014788632829068286 0.01535278409341038 0.016905029842879733 0.01610129001433349 0.013335147639134577
coursera 0.022592959140393044 0.01909309006028781 0.024141393997236506 0.01954132823698041 0.027350659953735208
coursera 0.013770677223243318 0.013481134156623052 0.007912992692411788 0.014094601051122788 0.01347122057422779
craigslist 0.08737452283330976 0.08830634728688358 0.04613360208544037 0.0915910176779742 0.07171043679412165
craigslist 0.0863565672274848 0.08818096980642041 0.05855863876582955 0.09173435260391781 0.07123418152129543
craigslist 0.08672416230736604 0.08794139617050617 0.05755259896582669 0.09154323936932632 0.07137025445638864
craigslist 0.09302983175455959 0.08977418642036633 0.046126479679776636 0.09283325370281892 0.0805551775751803
dailymotion 0.3066591262547717 0.285169460159824 0.22066815287531516 0.2850931677018633 0.280582392162199
dailymotion 0.3108440548564966 0.28917772077610254 0.2194947365422145 0.28886765408504533 0.2867056742413934
dailymotion 0.23755125123709886 0.2096945998263351 0.22057556160168657 0.20883898709985665 0.23009933324261805
dailymotion 0.30968471652764035 0.2939182970805347 0.23495035683252374 0.2924510272336359 0.27024084909511503
doordash 0.28511239926480986 0.24463168852885567 0.2261559664392245 0.24319159101767798 0.27997006395427954
doordash 0.3058673830057967 0.2664169728114474 0.2256680816512585 0.26464405160057336 0.29663899850319775
doordash 0.3089778029124841 0.26918917766273104 0.2707760573211208 0.26923076923076916 0.30249013471220576
doordash 0.32034497384419625 0.2771172869975152 0.28184961752681587 0.27663640707118964 0.3082051979861206
dropbox 0.36685988972147604 0.3576342833600102 0.16468426375692652 0.36273291925465834 0.313648115389849
dropbox 0.408850558461756 0.42751512067994923 0.10118979786612725 0.4321070234113712 0.3332426180432712
dropbox 0.4184080305386682 0.4336418452351258 0.10844930983889117 0.44113712374581937 0.3437202340454484
dropbox 0.41509967481973703 0.4315877197401497 0.11192682440421076 0.43951266125179167 0.33351476391345763
duckduckgo 0.15385267920260146 0.1493763004973154 0.012433939687468839 0.14978499761108455 0.1472989522383998
duckduckgo 0.14573731090060796 0.14873227450666146 0.0080020227632085 0.14983277591973243 0.1266158661042319
duckduckgo 0.127809981620246 0.14967709647018096 0.016992279312260508 0.1528428093645485 0.07606477071710438
duckduckgo 0.14896083698572035 0.15185018393126895 0.02405592512927166 0.15250836120401337 0.12865696013063005
ea 0.007691220132899759 0.007455102626691823 0.01142789988746599 0.007978977544194934 0.008164376105592598
ea 0.007776049766718505 0.006394159853415885 0.011839218814546802 0.006497849976110845 0.008844740781058649
ea 0.025109571610349216 0.018839891093894383 0.055606401618210566 0.01839464882943144 0.027622805823921626
ea 0.004609076770818607 0.004279972924085435 0.0101494280708252 0.0046822742474916385 0.005306844468635191
ebay 0.2553089212498233 0.21686647276945628 0.1902269910685033 0.2114667940754897 0.2589467954823786
ebay 0.2531316273151421 0.21795683525854265 0.19362259796868989 0.21342570473005254 0.2494897264934005
ebay 0.2471935529478298 0.21994799706267204 0.1766819560974915 0.21638795986622072 0.2363586882569057
ebay 0.2501343135868797 0.21983089865072875 0.19221770345151779 0.21653129479216435 0.24071302217988844
edx 0.02109430227626184 0.021090361878085002 0.01935513739120525 0.021786908743430478 0.020478976731528105
edx 0.004015269334087374 0.005729145965813068 0.0034454637398327655 0.00630673674151935 0.003605932779970067
edx 0.00217729393468118 0.0028192519565256643 0.014223444110482755 0.0032967032967032954 0.003605932779970067
edx 0.003449738441962391 0.0038135039306176188 0.013514764746940926 0.004252269469660772 0.004558443325622535
epicgames 0.18529619680475048 0.17812800851344865 0.14274191250836882 0.17783086478738652 0.16587290787862297
epicgames 0.22850275696309913 0.21575319772911566 0.1446293500092591 0.2153368370759675 0.21499523744727175
epicgames 0.20907677081860598 0.20351554300409394 0.14160945000783465 0.20348781653129477 0.18240576949244797
epicgames 0.21707903294217448 0.21500264365016372 0.12729875642797112 0.21562350692785473 0.18757654102598995
espn 0.46435741552382304 0.3463832430919957 0.7670670645717297 0.3282847587195413 0.5137433664444142
espn 0.4434044959705924 0.3375206071667223 0.5830080768080226 0.32465360726230286 0.48598448768539937
espn 0.4265799519298742 0.33627783038669273 0.5394705915870144 0.32388915432393695 0.4574772077833719
espn 0.41976530467976814 0.33886676537801086 0.525804475719719 0.32790253225035837 0.4299904748945435
etsy 0.07354729252085394 0.07547531858451392 0.04019351576188373 0.07773530817009078 0.05762688801197443
etsy 0.08219991517036618 0.07553467736729655 0.03744604777709719 0.07682752030578117 0.08007892230235406
etsy 0.0720203591121165 0.07458802239967671 0.04095561316790359 0.07701863354037267 0.056198122193495716
etsy 0.0736321221546727 0.0748377386582795 0.0343531431176194 0.07673196368848542 0.05946387263573275
expedia 0.4027428248268062 0.3691492151183368 0.1837331377045911 0.39751552795031053 0.3232412573139203
expedia 0.39236533295631276 0.3606165504811926 0.20048859702853236 0.38800764452938363 0.31616546468907336
expedia 0.4023469532023187 0.3698011841267589 0.21510555405193657 0.3897276636407071 0.3339910191862839
expedia 0.060540082001979356 0.06462943332281089 0.003993888975940513 0.0670807453416149 0.04531228738603892
facebook 0.07866534709458504 0.07757053392140587 0.04645411034030854 0.07998088867654085 0.06368213362362227
facebook 0.07951364343277251 0.07769413949790537 0.04389360550419509 0.08002866698518872 0.06633555585793985
facebook 0.08200197935812244 0.078183123891739 0.05043375450492158 0.08007644529383659 0.07000952510545652
facebook 0.07798671002403507 0.07754771302035665 0.05101423056651614 0.07993311036789297 0.06238944074023677
fifa 0.23130213487911777 0.22244610670081838 0.0919734049372516 0.22269469660774008 0.2087358824329841
fifa 0.20967057825533722 0.20920848713892531 0.08561665788236635 0.20946010511227903 0.182745951830181
fifa 0.21413827230312457 0.2060701702686674 0.0821462657227105 0.2051122790253225 0.19880255817117978
fifa 0.208398133748056 0.20551110401806413 0.08122213358784063 0.2054467271858576 0.1853993740644986
foodnetwork 0.3546726989961827 0.2556538171348063 0.5744861184313613 0.23812709030100335 0.3929786365491904
foodnetwork 0.2833592534992224 0.213870702518068 0.42429060839589183 0.20315336837075967 0.30330657232276503
foodnetwork 0.3475470097554079 0.24770108444494085 0.5902764917878662 0.22909698996655517 0.3891005578990339
foodnetwork 0.35619963240492014 0.24666931698692865 0.7277175538809988 0.2241280458671763 0.39617635052388084
foxnews 0.3359536264668458 0.285837376303919 0.29725538097747894 0.27873865265169606 0.34957137025445645
foxnews 0.3449738441962392 0.2942937268703524 0.402513853079016 0.2830387004300048 0.3449448904612873
foxnews 0.336547433903577 0.3038088206051413 0.3487948889616957 0.29612995699952216 0.31596135528643354
foxnews 0.33075074225929596 0.3031805584497503 0.3935609891596986 0.29593884376493074 0.2975234725813036
github 0.22236674678354307 0.22215129854134727 0.044429566530391304 0.2237458193979933 0.19846237583344675
github 0.21125406475328717 0.219989270204998 0.044429566530391304 0.22255136168179646 0.1719281534902708
github 0.216909373674537 0.22308891068873876 0.04628139200296292 0.2250358337314859 0.18056878486868963
github 0.20135727414109997 0.22057827552257345 0.051904531274483266 0.2241280458671763 0.14954415566743776
gitlab 0.40820019793581225 0.38262139810493656 0.36726684805059756 0.37845198279980885 0.37712613961083147
gitlab 0.38837834016683165 0.35844560152488836 0.3465798208002735 0.35398948877209746 0.3669887059463873
gitlab 0.3970592393609501 0.3588937404773528 0.3511524052363927 0.3536072623029145 0.38379371343039875
gitlab 0.33417220415665205 0.30349937896293583 0.2735377701172348 0.3005733397037744 0.32385358552183974
glassdoor 0.3050756397568217 0.24958577926090894 0.28346640361248415 0.25819397993311033 0.28452850727990203
glassdoor 0.31381309204015273 0.2560320269808428 0.26535946781384884 0.2660774008600095 0.28398421553952924
glassdoor 0.3025024741976531 0.24858798347888963 0.25879260979188334 0.25895843287147635 0.281602939175398
glassdoor 0.2942457231726283 0.24559493218358355 0.26318891468782496 0.2558050645007167 0.26228058239216223
google 0.11621659833168387 0.10804844299896459 0.05540697425962593 0.11266125179168657 0.09980949789086951
google 0.11395447476318395 0.10738061850507458 0.055978547314140814 0.11194457716196846 0.09776840386447136
google 0.11910080588152129 0.10803781157518262 0.05725879973219754 0.10993788819875776 0.11035515036059329
google 0.104085960695603 0.10639983911112011 0.06111914360194298 0.11184902054467272 0.07347938495033338
hellofresh 0.21555209953343704 0.19451931162997416 0.08291192433156222 0.20238891543239368 0.19444822424819705
hellofresh 0.22298883076488055 0.19786796572074591 0.08074315180695431 0.20587673196368847 0.20547013199074707
hellofresh 0.21908666760921816 0.19746458261839808 0.08209640888306434 0.204921165790731 0.19866648523608657
hellofresh 0.22188604552523683 0.2007603545408751 0.1033603509921511 0.20917343526039178 0.20247652741869646
hulu 0.026042697582355435 0.03136297510740717 0.014832409794732269 0.033062589584328714 0.016124642808545385
hulu 0.013827230312455818 0.014923433432974418 0.014960613096679535 0.015766841853798376 0.01190638182065587
hulu 0.01659833168386823 0.018740633921861052 0.008399096878961837 0.01978021978021978 0.012858892366308342
hulu 0.012158914180687121 0.012969817662833621 0.008420464095953048 0.013712374581939798 0.010409579534630564
ibm 0.02810688533861162 0.02691167740007676 0.020802766342359794 0.02752030578117534 0.02694244114845558
ibm 0.006531881804043547 0.004740270803748775 0.016919274654207207 0.004873387482083134 0.009525105456524699
ibm 0.020981196097836847 0.018239979401921923 0.05063140126209028 0.01820353559483994 0.021499523744727175
ibm 0.020981196097836847 0.01780622953164515 0.05956289796441645 0.0177257525083612 0.0218397060824602
imdb 0.3681888873179698 0.306137530114348 0.5084008774803778 0.2941232680363115 0.3624982990883114
imdb 0.35815071398275133 0.3059214494809865 0.4961325337245908 0.29584328714763497 0.3469859844876854
imdb 0.3648239785098261 0.30921077533904395 0.5007620974060198 0.29703774486383183 0.3465097292148592
imdb 0.35224091616004527 0.3033435125142704 0.4964156493497243 0.29321548017200194 0.32813988297727587
indeed 0.07897638908525378 0.0750633203628945 0.02857331092149684 0.07706641184902054 0.0722547285344945
indeed 0.0753004382864414 0.07467014098337188 0.02912173615760459 0.07720974677496416 0.06279765954551642
indeed 0.07583769263396013 0.07390923043125303 0.030973561630176207 0.0765886287625418 0.06483875357191454
indeed 0.07948536688816626 0.07461667836377868 0.02857331092149684 0.07701863354037267 0.07293509320996056
instagram 0.20557047928743108 0.21753564146635318 0.04005997065568866 0.23774486383182034 0.1377058103143285
instagram 0.20927470663084974 0.21747997924183957 0.03562805373142832 0.2360248447204969 0.14090352428901892
instagram 0.21891700834158068 0.21819491194110827 0.03562805373142832 0.2384137601528906 0.16696149135936864
instagram 0.21444931429379332 0.21823212192434516 0.0399317673537414 0.2365504061156235 0.15383045312287388
intel 0.011904425279230874 0.013427182735936424 0.0 0.014429049211657906 0.010545652469723773
intel 0.007153965785381026 0.00738752587552601 0.005719291747980797 0.008026755852842807 0.00762008436521976
intel 0.007436731231443516 0.008412602868571989 0.0 0.009173435260391782 0.007143829092393524
intel 0.015325887176587023 0.016605092494761657 0.011559664392245124 0.017582417582417582 0.013335147639134577
irs 0.0048352891276685975 0.0063530089113632855 0.004926924117890058 0.0071189679885332036 0.004286297455436114
irs 0.0012724445072812111 0.0015289698202290408 0.01357530519508269 0.0018633540372670794 0.002313239896584572
irs 0.0012158914180687118 0.001849867738061636 0.009565390806398769 0.002197802197802197 0.0010205470131990774
irs 0.0010462321504312172 0.0016354368083903708 0.017403598239341317 0.0020066889632107017 0.001156619948292286
kayak 0.3317686978651209 0.2947529860476922 0.22824817310294723 0.29240324892498804 0.3069125051027351
kayak 0.313615156227909 0.285449573736424 0.20954829703280578 0.28389870998566646 0.28296366852633015
kayak 0.32068429237947127 0.28751081739732304 0.21518746171706954 0.2853798375537506 0.2949380868145326
kayak 0.31307790188039025 0.2873064374401353 0.21081786584236692 0.28604873387482077 0.27738467818750856
khanacademy 0.008398133748055987 0.006417347355285168 0.007959288329226079 0.006497849976110845 0.011157980677643217
khanacademy 0.008030538668174748 0.006088781370299489 0.018224455492087004 0.006163401815575727 0.01006939719689754
khanacademy 0.008539516471087232 0.0054708145879386934 0.01445136109172234 0.005207835642618251 0.012110491223295689
khanacademy 0.008596069560299732 0.009131140475904688 0.01300551274198373 0.009698996655518394 0.008164376105592598
linkedin 0.11149441538244027 0.10232210763943869 0.06554571872195553 0.10224558050645007 0.10280310246292013
linkedin 0.10671567934398417 0.0970680152362967 0.05983354937963846 0.09665551839464882 0.1010341543067084
linkedin 0.09633818747349074 0.09128222944378317 0.05709498440193159 0.09163879598662207 0.08456932916043
linkedin 0.1155379612611339 0.10139903732457656 0.08523917038218828 0.10062111801242235 0.1145053748809362
mayoclinic 0.010943022762618406 0.011032423978980821 0.01670026068004729 0.011371237458193979 0.010001360729350935
mayoclinic 0.009783684433762194 0.010127744805258744 0.0067947750032050815 0.010702341137123744 0.00938903252143149
mayoclinic 0.018803902163155663 0.022466581356619164 0.0055145225851483595 0.023554706163401815 0.013199074704041365
mayoclinic 0.02137706772232433 0.022801471205751017 0.007101038446745773 0.023554706163401815 0.017757518029663903
medium 0.13793298458928321 0.12310009506875767 0.09274618595176706 0.12747252747252746 0.1226697509865288
medium 0.13306941891700835 0.12131664317926498 0.09214078147034942 0.12608695652173912 0.11607021363450812
medium 0.12922380885055848 0.12070524466159706 0.08298849019244739 0.12589584328714762 0.10742958225608928
medium 0.13527498939629579 0.12187500677829642 0.08327694762182875 0.12608695652173912 0.1198122193495714
microsoft 0.008398133748055987 0.009052565700136845 0.007713565333827152 0.009746774964166267 0.00802830317049939
microsoft 0.01221546726989962 0.013630676741142338 0.009563610204982835 0.014572384137601528 0.010545652469723773
microsoft 0.00933125972006221 0.008931954030334569 0.008557570404979986 0.009460105112279023 0.01006939719689754
microsoft 0.00921815354163721 0.009044133881275286 0.017549607555447926 0.009603440038222645 0.009661178391617908
mit 0.005513926198218576 0.004851473052502645 0.025175923419894303 0.005255613951266124 0.007552047897673154
mit 0.0027145482821999134 0.0023617952332178494 0.01591323485420436 0.0026278069756330603 0.004286297455436114
mit 0.0031669729958999013 0.0023647280397783906 0.007783008789048588 0.0026278069756330603 0.0054429174037284
mit 0.004156652057118619 0.0035830342150683873 0.017266491930314383 0.0039655996177735305 0.006395427949380871
mlb 0.4808991941184787 0.3702743130351246 0.6478896312018346 0.3503105590062111 0.510341543067084
mlb 0.37274141099957586 0.29314388339821 0.616251905243515 0.2800286669851887 0.3967206422642537
mlb 0.3757952778170508 0.31833244529376353 0.5196400336177547 0.3071667462971811 0.3782827595591237
mlb 0.3839671992082568 0.31172669566703193 0.5222788849161693 0.29966555183946486 0.3997142468363043
monster 0.2111126820302559 0.21909910231373694 0.06657312573894958 0.22384137601528906 0.17383317458157574
monster 0.2093878128092747 0.21676434389099908 0.05752588994458768 0.22178690874343046 0.17111171587971155
monster 0.20492011876148736 0.21669768364188344 0.05168551730032336 0.2210224558050645 0.16131446455300044
monster 0.2074650077760498 0.21795466620369058 0.05611743422458369 0.2221213569039656 0.16560076200843654
nasa 0.018832178707761913 0.016261618076426558 0.035569293884702494 0.016292403248924985 0.018097700367396927
nasa 0.021179131910080588 0.015769334275212307 0.05507222119343029 0.015145723841376014 0.022315961355286434
nasa 0.01702247985296197 0.011992734827148173 0.0546359738465264 0.011371237458193979 0.018165736834943533
nasa 0.02058532447334936 0.017998481111702325 0.05826127832936852 0.017486860965121833 0.018097700367396927
nba 0.3569348225646826 0.27902688011917953 0.5240131906952892 0.26330625895843285 0.3499115525921894
nba 0.38190301145200056 0.2970544448959406 0.48678081508810417 0.28284758719541325 0.39107361545788544
nba 0.36881097129930723 0.28979712341167524 0.4834315038247318 0.2753463927376971 0.37066267519390395
nba 0.34845185918280785 0.2732134770648876 0.4823649235765872 0.2588150979455327 0.3498435161246428
netflix 0.00933125972006221 0.009269012934318486 0.013550376775259611 0.009842331581462017 0.01020547013199075
netflix 0.010603704227343417 0.011709199642894142 0.013550376775259611 0.012326803631151455 0.008232412573139204
netflix 0.010773363494980912 0.012246392044566687 0.00854688679648438 0.013043478260869563 0.00870866784596544
netflix 0.011989254913049623 0.010157470021752565 0.00798065554621729 0.010511227902532248 0.01483194992515989
nfl 0.993411565106744 0.9228436333550657 0.4187582797965841 0.9137123745819398 1.0
nfl 0.9042556199632406 0.8617594132627195 0.4359891596985798 0.855327281414238 0.8587562933732481
nfl 0.8630001413827231 0.841641093459044 0.3525626415578126 0.8391304347826087 0.8035787181929515
nfl 1.0 1.0000000000000002 0.26944772866483385 1.0 0.9164512178527692
notion 0.30083415806588437 0.2746685157197363 0.13642611928605006 0.30238891543239366 0.21819295142196218
notion 0.3063198077194967 0.2779789822250843 0.16136700331904102 0.30535117056856187 0.21104912232956868
notion 0.29749752580234695 0.26987191058997045 0.1555426560875201 0.29913999044433826 0.22744591100830047
notion 0.30697016824544043 0.2829236024359525 0.13652583296534238 0.3129001433349259 0.21050483058919583
nytimes 0.3313162731514209 0.28255492421123773 0.2942319197732226 0.27912087912087913 0.32963668526330114
nytimes 0.32990244592110846 0.2859904015962289 0.33768749732909786 0.28284758719541325 0.3148727718056879
nytimes 0.32011876148734625 0.2821993214157721 0.27567093061352405 0.28045867176301953 0.3037828275955913
nytimes 0.3310617842499647 0.28595988207795825 0.31886832096408885 0.28203535594839946 0.32099605388488234
pandora 0.01716386257599321 0.015762582710109392 0.028181578609991306 0.016053511705685617 0.01707715335419785
pandora 0.01693765021914322 0.015978113442240864 0.018617968405008477 0.016387959866220735 0.01646482514627841
pandora 0.006899476883924782 0.006703815346099739 0.011573909203572598 0.007214524605828953 0.007756157300312969
pandora 0.006136010179556058 0.006124158349436021 0.0163886554322588 0.006545628284758718 0.006599537352020686
paypal 0.14712286158631416 0.13690325749574186 0.09711222062363783 0.1370759675107501 0.13022179888420196
paypal 0.1399406192563269 0.1345190996124999 0.09661543282859218 0.13588150979455327 0.11940400054429176
paypal 0.14983740986851407 0.13764427995337206 0.09542421048133216 0.13760152890587674 0.13423595046945164
paypal 0.14237240209246432 0.13522721964652898 0.09149264255494935 0.13640707118967987 0.12348618859708807
pinterest 0.31502898345822145 0.3787572727110812 0.07049044885400492 0.4258002866698518 0.11994829228466461
pinterest 0.3139827513077902 0.35471977629040363 0.07477635646215866 0.3971333014811276 0.1715879711525378
pinterest 0.31372826240633395 0.35882692747789546 0.07678665546074842 0.40043000477783086 0.15627976595455165
pinterest 0.31531174890428393 0.35732056470823725 0.08372387857722824 0.3965121834687052 0.1498843380051708
quora 0.19917998020641878 0.17403924846709687 0.1277154171592997 0.18313425704730052 0.182745951830181
quora 0.19120599462745655 0.1766923080518585 0.10903690830614948 0.18342092689918776 0.1647162879303307
quora 0.1720627739290259 0.15365098825957818 0.07732261648694462 0.1597706641184902 0.1528779425772214
quora 0.17404213205146332 0.14964214719200117 0.07658544750074785 0.14882943143812707 0.1487277180568785
reddit 0.007012583062349781 0.006049188481732174 0.007962849532057947 0.006450071667462972 0.009048850183698463
reddit 0.014166548847730807 0.012047633299953312 0.01753358214270452 0.01213569039655996 0.015784460470812355
reddit 0.007776049766718505 0.0065835702771175324 0.01310166521844418 0.0068322981366459624 0.01006939719689754
reddit 0.007040859606956031 0.005473075292995776 0.012401888861982022 0.005590062111801242 0.009320996053884884
roblox 0.16301427965502616 0.15547589659180688 0.1199769234056495 0.15422838031533684 0.1402911960810995
roblox 0.16606814647250107 0.15638549432653154 0.12044166037520831 0.1546583850931677 0.14641447816029393
roblox 0.15956454121306377 0.155166057798713 0.11196777823677725 0.15470616340181556 0.13457613280718467
roblox 0.16428672416230738 0.15565003198133903 0.12571045996495775 0.1546583850931677 0.14430534766634917
shopify 0.17658702106602575 0.15457729688168426 0.09233130582185438 0.16077400860009555 0.16199482922846647
shopify 0.17062067015410717 0.15399589853112522 0.08687376248201592 0.16120401337792642 0.14913593686215815
shopify 0.16813233422875726 0.15287015906290233 0.08426340080625631 0.1608217869087434 0.14627840522520072
shopify 0.1726000282765446 0.1545032435160306 0.09217283229583624 0.16172957477305303 0.152945979044768
slack 0.616456948960837 0.5976008237031626 0.3286456033389838 0.6053989488772098 0.5412981358007892
slack 0.5779442952071258 0.5655670912953049 0.3409780487457444 0.5726708074534161 0.4955776296094707
slack 0.5556058249681889 0.5262830028187632 0.3747952308371676 0.5312947921643574 0.49605388488229696
slack 0.5952495405061502 0.5670063355648224 0.38426090796427403 0.5718585762064023 0.5207511226017145
snapchat 0.19420330835571895 0.18852474667043206 0.09940207404452928 0.189010989010989 0.16641719961899581
snapchat 0.1940053725434752 0.18904669458800347 0.09899965812452814 0.18963210702341135 0.16736971016464827
snapchat 0.19765304679768134 0.18916788670910417 0.12011402971467641 0.18944099378881987 0.1760103415430671
snapchat 0.19570196521985014 0.18917253031949172 0.10205873135710317 0.1895843287147635 0.1716560076200844
soundcloud 0.002120740845468684 0.0019475974066780182 0.016208814689249437 0.0022455805064500716 0.003061641039597225
soundcloud 0.14228757245864557 0.0993836798663227 0.029830415521146417 0.09326325848064979 0.1498843380051708
soundcloud 0.12390781846458364 0.09251409984941567 0.08548667397900314 0.08862876254180602 0.1226697509865288
soundcloud 0.004015269334087374 0.0042024063005727755 0.003956496346205894 0.0046344959388437655 0.004830589195808956
spotify 0.014336208115368305 0.013508812518538164 0.009718522528169115 0.013951266125179166 0.01442373111988026
spotify 0.008652622649512227 0.007735124553086869 0.009718522528169115 0.008026755852842807 0.009661178391617908
spotify 0.010999575851830905 0.010873991324574896 0.015566017578097177 0.011371237458193979 0.0108858348074568
spotify 0.007889155945143504 0.007377383252837469 0.015687098474380705 0.007692307692307693 0.008504558443325625
stackoverflow 0.13555775484235827 0.128052841597804 0.07444160339596302 0.1289058767319637 0.12505102735065998
stackoverflow 0.13861162165983318 0.1288021736740224 0.05799240751556245 0.12919254658385093 0.13056198122193496
stackoverflow 0.1414958292096706 0.12983589633640832 0.05994216606601045 0.13024366937410414 0.13559667982038373
stackoverflow 0.1347660115933833 0.1282570993547184 0.058077876383527294 0.12919254658385093 0.12369029799972786
steamcommunity 0.35034638767142656 0.3770472326358071 0.1176016011167932 0.38064978499761104 0.278337188733161
steamcommunity 0.3905839106461191 0.39029294796581 0.11626436945342658 0.3929288103201146 0.34868689617635057
steamcommunity 0.3588859041425138 0.3863631704750942 0.10463526160596003 0.3902532250358337 0.28024220982446596
steamcommunity 0.3563975682171639 0.3787312135027881 0.09733479580062962 0.3818442427138079 0.2902435705538169
tiktok 0.21196097836844338 0.18318019551493836 0.16154506346063446 0.18213091256569516 0.20785140835487823
tiktok 0.28683726848579105 0.2687567108953245 0.15900236463868037 0.2777830864787386 0.245271465505511
tiktok 0.24428106885338613 0.22543365898382348 0.1515808179370664 0.23196368848542762 0.21506327391481836
tiktok 0.23282906828785527 0.219864809226585 0.16848050597569833 0.2247013855709508 0.19839433936590015
tripadvisor 0.07662943588293511 0.07914288483867625 0.03991752254241392 0.08112756808408982 0.059327799700639554
tripadvisor 0.07459352467128516 0.0760195986020411 0.05147006452899531 0.0778786430960344 0.05681045040141517
tripadvisor 0.07971157924501626 0.07765210260387093 0.05329874218315978 0.07888198757763974 0.0668798475983127
tripadvisor 0.07544182100947264 0.07711710980711879 0.03951510662241278 0.07916865742952699 0.05987209144101239
tumblr 0.1604411140958575 0.15858467154598102 0.07376141365507613 0.1599617773530817 0.13586882569057016
tumblr 0.16423017107309487 0.15979570680500635 0.07363321035312886 0.16072623029144767 0.1432848006531501
tumblr 0.26017248692209816 0.27447504213694557 0.0724811612370194 0.2783086478738652 0.16403592325486463
tumblr 0.2307931570762053 0.24468875605651288 0.08052235723137846 0.2495461060678452 0.15559940127908561
twitch 0.29037183656157217 0.295968481616695 0.14394025726129256 0.29694218824653607 0.2237719417607838
twitch 0.2614732079739856 0.25594343178265977 0.16104471446275692 0.25537505972288577 0.2224792488773983
twitch 0.2492860172486922 0.26220653184290144 0.15085433255936526 0.26325848064978496 0.1826779153626344
twitch 0.2769404778736039 0.24307778985286202 0.18663907921539577 0.23889154323936931 0.28316777792896997
twitter 0.14146755266506433 0.13769288511209934 0.1289048589051438 0.13831820353559482 0.12076472989522385
twitter 0.1427682737169518 0.13653955893216635 0.09952137433939687 0.1362159579550884 0.12620764729895226
twitter 0.14890428389650787 0.1368523610818891 0.10833891255110326 0.13631151457238413 0.14206014423731123
twitter 0.1285451717800085 0.13471281759583734 0.09624150653124598 0.13631151457238413 0.09443461695468772
ubereats 0.1617135586031387 0.149341656719819 0.09518560989159698 0.15800286669851887 0.13722955504150228
ubereats 0.16702954898911354 0.14993958265734944 0.08648024956909445 0.15895843287147635 0.15056470268063685
ubereats 0.1594514350346388 0.14752178914886624 0.08446460876625689 0.157190635451505 0.1391345761328072
ubereats 0.15690654602007637 0.14768611796646158 0.08314340251563368 0.15733397037744862 0.13185467410532048
udemy 0.003930439700268625 0.0027837527771157767 0.009325009615247645 0.002866698518872432 0.005238808001088585
udemy 0.004184928601724869 0.003408562774784499 0.01612690702411646 0.003631151457238413 0.005987209144101238
udemy 0.005004948395306092 0.004430798611474955 0.003201521345849773 0.004730052556139511 0.006599537352020686
udemy 0.004184928601724869 0.0024369789514000675 0.03395072719761826 0.002436693741041565 0.006803646754660501
usa 0.0048352891276685975 0.004018250488625431 0.015101280608538338 0.004204491161012899 0.005987209144101238
usa 0.0030821433620811522 0.002515614827304587 0.01326548054871013 0.0027233635929288097 0.004422370390529326
usa 0.003449738441962391 0.003035210389613881 0.011985228130653407 0.0032489249880554225 0.004558443325622535
usa 0.004948395306093596 0.004874660554371928 0.012556801185168302 0.005112279025322502 0.0051027350659953764
vimeo 0.3211367170931712 0.3364765280311694 0.16079364966311022 0.33798375537505976 0.2658865151721323
vimeo 0.3243885197228899 0.3453746936859211 0.14698508568254012 0.3479694218824654 0.25717784732616683
vimeo 0.3227202035911212 0.34994901651845256 0.17054778421959801 0.35370281892021016 0.24758470540209554
vimeo 0.32218294924360247 0.3464103715526807 0.14420734747368272 0.34830387004300045 0.25357191454619676
walmart 0.240746500777605 0.19240295564579163 0.23437522257517698 0.18375537505972286 0.255953190910328
walmart 0.2476459776615298 0.19388536716187207 0.23996274981837865 0.18342092689918776 0.26813171860117024
walmart 0.23099109288844905 0.1956037779558711 0.2567769689890458 0.18767319636884852 0.22356783235814398
walmart 0.23121730524529904 0.19316860145850304 0.2524999643879717 0.1848064978499761 0.22737787454075387
weather 0.4504736321221547 0.30419051315896845 1.0 0.27582417582417584 0.5102735065995374
weather 0.4368726141665489 0.3064435806989679 0.9578015270437742 0.2811275680840898 0.4797931691386584
weather 0.43271596210943025 0.2796098059731555 0.9721407102462927 0.24930721452460583 0.5004082188052796
weather 0.3820161176304256 0.2712211849082296 0.7583421176336519 0.2504538939321548 0.42488773982854816
webmd 0.009614025166124699 0.007841683191453215 0.0025320152134584977 0.007931199235547061 0.011634235950469453
webmd 0.008087091757387248 0.006871260270665662 0.008044757197190923 0.0071189679885332036 0.009593141924071305
webmd 0.006277392902587303 0.005469256534453406 0.007158017692055669 0.005733397037744864 0.007824193767859575
webmd 0.010518874593524671 0.004738010098691693 0.0335678978931924 0.004156712852365026 0.01925432031568921
weebly 0.40760639049908104 0.44577019181563066 0.05527342915343086 0.45284280936454846 0.32664308069125053
weebly 0.3833451152269193 0.41992819450837476 0.04756698622526744 0.42761586239847105 0.30344264525785825
weebly 0.37808567793015696 0.41407492361490045 0.05476417714847366 0.42059245102723364 0.302626207647299
weebly 0.39191290824261277 0.42902618816013166 0.08366155752767054 0.4356903965599618 0.3088855626615866
wellsfargo 0.20350629153117492 0.16787305322362642 0.15459715673565902 0.16373626373626374 0.21880527962988164
wellsfargo 0.19680475045949386 0.16806945961297767 0.15583467471973333 0.1645007166746297 0.20104776160021773
wellsfargo 0.19940619256326877 0.16829378876479079 0.1591145425278842 0.16473960821786907 0.20676282487413256
wellsfargo 0.1653329563127386 0.14511966782544095 0.09680951838292902 0.1433349259436216 0.1661450537488094
whitehouse 0.0005089778029124838 0.0011517986765160505 0.02214712041139015 0.0015766841853798366 0.0008164376105592626
whitehouse 0.0008765728827937226 0.0017946026644364305 0.010544721585162604 0.0023411371237458192 0.001428765818478707
whitehouse 0.0003110419906687395 0.0012639479773884302 0.003794461617355877 0.0017677974199713318 0.0008844740781058652
whitehouse 0.0 0.001234619911783013 0.006490292161080326 0.0017677974199713318 0.0
who 0.008709175738724727 0.009885604963604024 0.00873563054657341 0.01065456282847587 0.007688120832766366
who 0.0027145482821999134 0.0030417175541700824 0.009481702539849859 0.0033922599139990448 0.003197713974690434
who 0.010773363494980912 0.005309418576903887 0.036375906326120706 0.004013377926421403 0.013811402911960813
who 0.00763466704368726 0.005515570438055293 0.005049785615589521 0.005685618729096988 0.011770308885562665
wikipedia 0.06956029973137283 0.06819120469031534 0.025120724776000337 0.06989966555183946 0.06062049258402504
wikipedia 0.06599745511098544 0.06782982793193361 0.02494622583723878 0.07004300047778309 0.05354469995917812
wikipedia 0.06678919835996042 0.06806506345814371 0.02640097719405706 0.0699952221691352 0.05388488229691115
wikipedia 0.0656864131203167 0.06791329071863568 0.02640097719405706 0.07009077878643095 0.051843788270512996
wordpress 0.13439841651350207 0.11364374911538459 0.14981090012962778 0.11261347348303868 0.12831677779289702
wordpress 0.14585041707903296 0.11555077603130846 0.15622106522699106 0.11361681796464404 0.15199346849911555
wordpress 0.13374805598755835 0.11404383281035181 0.131687938918249 0.11313903487816532 0.12607157436385905
wordpress 0.13878128092747066 0.11436146187087214 0.12957436503753508 0.1127568084089823 0.13940672200299362
yahoo 0.233592534992224 0.18569186938342722 0.36987364852352533 0.17606306736741517 0.2347258130357872
yahoo 0.32551958150713983 0.25243469533379176 0.37849532057947893 0.2405637840420449 0.3605252415294598
yahoo 0.3182807860879401 0.2551517267616552 0.39503176592926026 0.24295269947443857 0.3292965029255681
yahoo 0.41744662802205573 0.292531934979312 0.6726720417088076 0.27415193502150026 0.4825826643080692
yelp 0.17836844337621943 0.16128771104254522 0.11202475748208715 0.1616340181557573 0.16879847598312697
yelp 0.1798388236957444 0.16140477890442018 0.10121116508311846 0.16149068322981366 0.17172404408763098
yelp 0.17913191008058818 0.1617462370182449 0.10121116508311846 0.162111801242236 0.17002313239896585
yelp 0.17421179131910083 0.16108956329929863 0.1210541872622897 0.16168179646440514 0.15723227650020413
youtube 0.1944012441679627 0.1941075883589698 0.06703430150567655 0.2131390348781653 0.12389440740236768
youtube 0.20763466704368727 0.19724868528544656 0.09717098047036367 0.2139034878165313 0.14655055109538714
youtube 0.20328007917432492 0.19491340751154693 0.10193586985940371 0.2115145723841376 0.14355694652333653
youtube 0.20740845468683727 0.19844676731549615 0.10048111850258543 0.21543239369326325 0.1457341134848279
ziprecruiter 0.11166407465007776 0.10435490918671413 0.0390325636386946 0.10926899187768753 0.09259763233092938
ziprecruiter 0.11664074650077762 0.1055380827834143 0.033637341348413834 0.10989010989010989 0.10416383181385222
ziprecruiter 0.11401102785239643 0.10568148480419745 0.04317068132932579 0.11051122790253225 0.09491087222751396
ziprecruiter 0.11375653895094019 0.10527431349337558 0.029119955556188654 0.1104156712852365 0.0996734249557763
zoho 0.3919977378764315 0.4363890601305081 0.055754191535733105 0.4448638318203535 0.29833991019186284
zoho 0.38348649794995054 0.40910656600093287 0.12378028803008503 0.4128523650262781 0.3150088447407811
zoho 0.3914604835289128 0.4257170658577905 0.07534792951667355 0.43139034878165305 0.3137841883249422
zoho 0.38227060653188183 0.40295977005085765 0.16665182832153388 0.4059722885809842 0.3128316777792897
