adobe 833 540185 0.004733250838098798 0.0008802153170108795 4.0531158447265625e-05
adobe 806 470564 0.0034696271752976036 0.0008633278911898595 3.504753112792969e-05
adobe 815 534224 0.005088881918426717 0.000896054052310728 4.315376281738281e-05
adobe 784 512440 0.004768581138115076 0.0009480664556510604 4.1961669921875e-05
airbnb 7677 6636889 0.004348329647379084 0.0005921923039542194 5.412101745605469e-05
airbnb 7613 6213767 0.007196071597625849 0.000592728320135296 5.0067901611328125e-05
airbnb 7185 6427121 0.002808087061334804 0.0005126334975716266 4.494190216064453e-05
airbnb 7569 6593004 0.0023751518344263776 0.0005186083263877078 4.601478576660156e-05
alibaba 10396 6807765 0.006873068584567786 0.0005165965468795211 2.384185791015625e-05
alibaba 9489 6480665 0.0035726308574821866 0.00047889763951100545 2.288818359375e-05
alibaba 9983 6544052 0.0019500527397307947 0.0003628183810846095 2.3126602172851562e-05
alibaba 9974 6572890 0.005403457344822588 0.0005533941695984921 3.2901763916015625e-05
allrecipes 8577 5827836 0.0021943039105291225 0.0004347847468817412 4.410743713378906e-05
allrecipes 7427 5359230 0.002021824967669861 0.00046733181463108533 4.792213439941406e-05
allrecipes 7405 5368983 0.0027536869134076737 0.000454162469366188 4.696846008300781e-05
allrecipes 7742 5452907 0.002396072229744574 0.00045049232100504127 4.601478576660156e-05
amazon 4283 3731449 0.01078689915507673 0.0007137365844527008 9.059906005859375e-06
amazon 4391 3795449 0.008263777052616567 0.0006924915965434359 9.059906005859375e-06
amazon 4459 3742271 0.010764077712598555 0.0006997464964238984 2.4080276489257812e-05
amazon 11951 11331791 0.0014067885162182669 0.00023075580596923828 2.6941299438476562e-05
apple 1007 681163 0.004948736282362813 0.0007766610822431136 3.504753112792969e-05
apple 989 692534 0.004795818435738704 0.0007965538183204559 3.504753112792969e-05
apple 1006 709189 0.004472664916852429 0.0007525821230304775 3.790855407714844e-05
apple 987 680511 0.00427619703382959 0.0007669683885864506 3.695487976074219e-05
ask 10932 8480616 0.0066317884166967045 0.0005882513969141504 1.5974044799804688e-05
ask 10327 8192126 0.006802325556866311 0.0005975979002044341 1.5020370483398438e-05
ask 11524 8322346 0.00472122400125641 0.0005338897744804209 1.5020370483398438e-05
ask 10104 8391824 0.007468382201187287 0.0006131841961044044 8.821487426757812e-06
bankofamerica 9068 7158239 0.004130133793553431 0.0006472058894156463 4.410743713378906e-05
bankofamerica 8914 7186577 0.005520006684934737 0.000793862019165135 5.5789947509765625e-05
bankofamerica 8813 7051475 0.00689919861741924 0.0007899520995667778 5.698204040527344e-05
bankofamerica 9558 7743066 0.005342913963306428 0.0006573300013871975 4.315376281738281e-05
bbc 12440 9929978 0.0017260607178384868 0.00027314429594031177 1.5974044799804688e-05
bbc 12016 9461094 0.0014669638446867161 0.0001556622500822438 1.7881393432617188e-05
bbc 12298 10096529 0.0013757115970795383 0.00019171707725354286 1.6927719116210938e-05
bbc 11979 9772493 0.0017508754153373355 0.0002444697891378028 1.0967254638671875e-05
bing 6551 5699202 0.010684059883146017 0.00047564582970306164 2.86102294921875e-06
bing 6258 5709095 0.007921337406573527 0.0004786694794774189 3.0994415283203125e-06
bing 6754 5751342 0.009271137438960594 0.0004154501818523184 4.0531158447265625e-06
bing 7234 5778390 0.004806394568208029 0.00038623710926614425 6.9141387939453125e-06
bitly 7855 6228961 0.003848961882024231 0.0005668584159654851 3.886222839355469e-05
bitly 7904 6148941 0.0038981429937005804 0.0004516912535385408 3.600120544433594e-05
bitly 7698 6130922 0.006118170965950185 0.0005390632922299051 3.981590270996094e-05
bitly 7606 6074770 0.00453120091632532 0.0004822114358835515 3.719329833984375e-05
booking 11935 9558852 0.002002298712159523 0.00044571979772670996 4.291534423828125e-05
booking 11872 9532796 0.002136429600942824 0.0004578259728127789 4.506111145019531e-05
booking 11887 9593556 0.00233620073099947 0.0004288579967113009 4.1961669921875e-05
booking 11428 9283363 0.0022333578137108227 0.0004449921392065402 4.291534423828125e-05
buzzfeed 12974 8095979 0.001999993165512077 0.0004679837297071867 4.220008850097656e-05
buzzfeed 12000 7939818 0.0037598097679365492 0.0005915959742339674 3.790855407714844e-05
buzzfeed 11853 8001938 0.002124613611317265 0.00047491494361267194 4.100799560546875e-05
buzzfeed 12630 8085606 0.0019508449180228463 0.0004058119444394397 3.2901763916015625e-05
canva 5443 4395125 0.007616498632374346 0.0006923440272910592 4.00543212890625e-05
canva 5716 4491283 0.004176082286512017 0.0006436895719246185 4.601478576660156e-05
canva 6839 5587573 0.003252164887054687 0.0005226578061153192 3.600120544433594e-05
canva 5677 4434618 0.004589286203327982 0.0006116090566864981 4.100799560546875e-05
cdc 768 551612 0.005759689654134774 0.0009280261346849344 3.409385681152344e-05
cdc 746 525208 0.00468206350250235 0.0009231583384059419 3.814697265625e-05
cdc 751 520418 0.004924583068708698 0.0009112453460693359 3.790855407714844e-05
cdc 742 517240 0.005270454593630708 0.0008945954151642629 3.695487976074219e-05
chase 6969 6050419 0.004034292771586255 0.0006095105963924859 3.910064697265625e-05
chase 7121 5974508 0.003195052429176386 0.0006477161739649398 4.9114227294921875e-05
chase 7081 6004540 0.003732230732995724 0.0007080889691067281 4.506111145019531e-05
chase 7196 6055665 0.004776013155268879 0.0007196339242072301 4.506111145019531e-05
chegg 11768 8942448 0.0040916703618888405 0.000507621500925087 4.601478576660156e-05
chegg 3213 2644147 0.008659616932234783 0.0010507662002354453 6.29425048828125e-05
chegg 3751 3139074 0.004366264634144765 0.0008409789403279622 5.412101745605469e-05
chegg 3293 2752344 0.009438287340830713 0.000983724472444518 6.54458999633789e-05
citibank 10825 8810205 0.0022497855184611592 0.000509802932133079 5.2928924560546875e-05
citibank 11060 9035793 0.0029462381176051265 0.000558155162261789 5.1975250244140625e-05
citibank 11116 9120074 0.003308611011167112 0.000602691301181946 5.0067901611328125e-05
citibank 10847 8947369 0.0024671790816890933 0.00048817859328191 4.792213439941406e-05
clevelandclinic 991 716412 0.004400610374117294 0.0007162183222144541 3.790855407714844e-05
clevelandclinic 960 712202 0.0037798924363188955 0.0006368896138307573 3.504753112792969e-05
clevelandclinic 996 737009 0.005078077673466422 0.0007829215658369975 2.8848648071289062e-05
clevelandclinic 960 718827 0.003599172002913486 0.00072781634405333 3.2901763916015625e-05
cnn 13062 12070286 0.002012398492338743 0.00014806622504530835 1.71661376953125e-05
cnn 12617 11372243 0.0010627724446009349 0.00011826394930170092 1.0013580322265625e-05
cnn 13293 12666931 0.006756049996284216 0.0001946370751607357 1.5974044799804688e-05
cnn 12886 11843299 0.004645540235781983 0.0001631820576571197 1.2159347534179688e-05
coursera 1330 970470 0.0037240594005485917 0.0006764003259961635 3.0994415283203125e-05
coursera 1238 973109 0.00409298290141817 0.0007148739206472904 3.814697265625e-05
coursera 1514 1095541 0.0038874078884900327 0.0006100099290039708 3.0994415283203125e-05
coursera 1202 911844 0.003442780015247298 0.0006710724667843732 4.1961669921875e-05
craigslist 3805 3361109 0.018912120247307034 0.001252053601257934 6.29425048828125e-05
craigslist 3769 3357005 0.01813144380236657 0.0011956854990333508 6.103515625e-05
craigslist 3782 3349163 0.015358433121722779 0.0011061721616117957 5.888938903808594e-05
craigslist 4005 3409156 0.016626380453226137 0.0011533359428504844 6.389617919921875e-05
dailymotion 11560 9805059 0.006015498489253849 0.00046497913924599307 1.5974044799804688e-05
dailymotion 11708 9936262 0.0054429342089487645 0.00044316185256933243 1.3828277587890625e-05
dailymotion 9116 7334529 0.0032371538711869112 0.000418294790480337 1.6927719116210938e-05
dailymotion 11667 10091436 0.003898340144759604 0.0004765000900027888 1.3113021850585938e-05
doordash 10798 8478130 0.002340278501475745 0.0005399674036397508 5.7220458984375e-05
doordash 11532 9191231 0.0023558904157194014 0.0005392380677116433 5.316734313964844e-05
doordash 11642 9281974 0.002804167799459221 0.0006131060026568775 5.984306335449219e-05
doordash 12044 9541486 0.0025958375635812326 0.0005697289010491134 5.1975250244140625e-05
dropbox 13689 12177061 0.0017868188778281662 0.0004591944794568453 5.316734313964844e-05
dropbox 15174 14464481 0.017653379369303054 0.0005902858413075801 5.1021575927734375e-05
dropbox 15512 14665028 0.018216288461873977 0.000691244998927212 4.696846008300781e-05
dropbox 15395 14597790 0.01850436497542997 0.0006283855413452006 5.412101745605469e-05
duckduckgo 6156 5360121 0.013536383039102543 0.0005595541503931041 5.9604644775390625e-06
duckduckgo 5869 5339040 0.010150655036280674 0.0005252583545328568 5.9604644775390625e-06
duckduckgo 5235 5369967 0.011884515748293327 0.0006415111033753397 4.0531158447265625e-06
duckduckgo 5983 5441099 0.00966259127863016 0.0005483583876298288 6.9141387939453125e-06
ea 987 714593 0.0039020352122670684 0.0007590872762652972 3.349781036376953e-05
ea 990 679865 0.0037863800358376998 0.0007106503292812738 3.695487976074219e-05
ea 1603 1087253 0.0035184463701163175 0.0004748351565014557 2.5033950805664062e-05
ea 878 610661 0.004580876167578214 0.0007831949736400504 4.1961669921875e-05
ebay 9744 7569287 0.002999067256215519 0.0004098311618748943 1.9073486328125e-05
ebay 9667 7604978 0.002437123670944302 0.00038469141126049 1.811981201171875e-05
ebay 9457 7670155 0.004327972200170955 0.0004033953102712099 2.002716064453125e-05
ebay 9561 7666322 0.002907807353949679 0.00039713073475091526 1.5974044799804688e-05
edx 1461 1160918 0.0035091121773091313 0.0005376841923961901 3.1948089599609375e-05
edx 857 658097 0.005081214935538327 0.000828561660285308 3.409385681152344e-05
edx 792 562847 0.0049623670268308506 0.0008444083776847752 3.504753112792969e-05
edx 837 595392 0.005603845493578399 0.0009258144209829814 3.1948089599609375e-05
epicgames 7268 6301255 0.010571701016461566 0.0008462614479658118 4.601478576660156e-05
epicgames 8796 7532846 0.0062478201920237045 0.0007379142854483443 5.1021575927734375e-05
epicgames 8109 7132269 0.0058435257021948695 0.000691471161016644 4.696846008300781e-05
epicgames 8392 7508278 0.006066023564721621 0.0007482938865358846 4.00543212890625e-05
espn 17137 11808779 0.003297145319647389 0.0007397078054180555 5.698204040527344e-05
espn 16396 11518677 0.002871597145396275 0.0006682832635877771 5.793571472167969e-05
espn 15801 11477997 0.0026778229549635447 0.0006502510173411309 5.698204040527344e-05
espn 15560 11562741 0.002525144382425281 0.0005795096774910033 5.698204040527344e-05
etsy 3316 2941109 0.021094630000416465 0.0010664045181389488 2.288818359375e-05
etsy 3622 2943052 0.01596735216530023 0.0009388638543542726 1.9073486328125e-05
etsy 3262 2912065 0.015749023556171877 0.0010633621432232147 2.193450927734375e-05
etsy 3319 2920239 0.014160703994764313 0.0010785542747354996 1.5020370483398438e-05
expedia 14958 12553981 0.004203884948464458 0.0006818118608355753 5.698204040527344e-05
expedia 14591 12274680 0.004339833938200296 0.0006516027483243988 5.602836608886719e-05
expedia 14944 12575322 0.003575771338658202 0.0006403631054476738 5.412101745605469e-05
expedia 2856 2586089 0.01133882387452802 0.001075951982087304 5.91278076171875e-05
facebook 3497 3009692 0.016318710779298112 0.0009096690391784948 1.0967254638671875e-05
facebook 3527 3013738 0.017609115003301683 0.0008942861822066628 3.0994415283203125e-06
facebook 3615 3029744 0.011353497113283012 0.0009060379676417745 6.9141387939453125e-06
facebook 3473 3008945 0.014547604599016124 0.0009230256492641115 6.9141387939453125e-06
fifa 8895 7751926 0.003752129739385054 0.00053978523887461 4.1961669921875e-05
fifa 8130 7318617 0.0057253179320209515 0.0005139851133121543 3.504753112792969e-05
fifa 8288 7215890 0.0042489923782148085 0.0005194331820830802 4.1961669921875e-05
fifa 8085 7197590 0.006829134043458857 0.0005246964142736617 4.00543212890625e-05
foodnetwork 13258 8838919 0.001864889889989826 0.0004940033318671452 4.696846008300781e-05
foodnetwork 10736 7471226 0.003602024080549008 0.0006651371314906496 6.389617919921875e-05
foodnetwork 13006 8578601 0.0017023591829775963 0.00041607219134326716 4.291534423828125e-05
foodnetwork 13312 8544828 0.001494263447951895 0.00037573713085239615 4.1961669921875e-05
foxnews 12596 9826922 0.001307598880845876 0.00019359641625986255 2.002716064453125e-05
foxnews 12915 10103725 0.0015967648161608365 0.00021375174564493317 1.2874603271484375e-05
foxnews 12617 10415184 0.0014535473716914158 0.00021616510749241182 1.4066696166992188e-05
foxnews 12412 10394619 0.0013862324932889672 0.0001925963378050548 1.3113021850585938e-05
github 8579 7742276 0.00904206834924883 0.0008929484539249889 5.984306335449219e-05
github 8186 7671506 0.008870815392922294 0.0008283229156755134 6.604194641113281e-05
github 8386 7772967 0.008118967291970735 0.0008022493738892111 6.890296936035156e-05
github 7836 7690786 0.011066011432799132 0.0007196389267074887 5.3882598876953125e-05
gitlab 15151 12994968 0.003020027589248151 0.0006990203290882677 5.698204040527344e-05
gitlab 14450 12203618 0.0059561246046912104 0.0008636567904319026 6.29425048828125e-05
gitlab 14757 12218287 0.0031855823951221665 0.0006974370345800477 5.0067901611328125e-05
gitlab 12533 10405055 0.0028907276087312677 0.0007074043235571819 6.29425048828125e-05
glassdoor 11504 8640293 0.0027477142709395937 0.0005848035287579318 6.29425048828125e-05
glassdoor 11813 8851299 0.0029630864299822228 0.0005770585030731088 6.389617919921875e-05
glassdoor 11413 8607632 0.002828338504669553 0.0005329217444458971 5.984306335449219e-05
glassdoor 11121 8509660 0.0034821093791392783 0.0005282286045362624 5.1021575927734375e-05
google 4825 4007330 0.01017802597346547 0.0007520448014906192 3.0517578125e-05
google 4745 3985470 0.012737869064528612 0.0007743016262279594 1.0967254638671875e-05
google 4927 4006982 0.00914064772919881 0.0006532123598973053 1.3113021850585938e-05
google 4396 3953366 0.00845112192936189 0.0008129162728718658 3.0994415283203125e-06
hellofresh 8338 6837794 0.00631041508596026 0.0008465523655156917 5.91278076171875e-05
hellofresh 8601 6947406 0.00517495358296977 0.0007317139381586119 5.888938903808594e-05
hellofresh 8463 6934202 0.004058405584314604 0.0006388819434630958 5.888938903808594e-05
hellofresh 8562 7042083 0.007190145993212371 0.0008715025357394669 6.198883056640625e-05
hulu 1636 1497173 0.01722159944073792 0.000948010307568658 2.2172927856445312e-05
hulu 1204 959055 0.00426268296738954 0.0007053531415246471 2.5987625122070312e-05
hulu 1302 1084004 0.004226491325412039 0.0006451953107993663 2.5987625122070312e-05
hulu 1145 895107 0.003978179097183706 0.0007054413948859368 3.409385681152344e-05
ibm 1709 1351468 0.008241640202007698 0.0006766416987434762 2.9921531677246094e-05
ibm 946 625728 0.00454862792710725 0.0008142973380114035 4.410743713378906e-05
ibm 1457 1067616 0.004143673663725209 0.0005855714226817037 3.314018249511719e-05
ibm 1457 1053418 0.0031143080638287783 0.0005740714924676078 3.600120544433594e-05
imdb 13736 10491410 0.0021120866649467105 0.00047987579301265445 6.008148193359375e-05
imdb 13381 10484337 0.0024332359023128453 0.000457355972540931 5.1975250244140625e-05
imdb 13617 10592007 0.0062113658002681555 0.0006094736372121773 5.4836273193359375e-05
imdb 13172 10399953 0.0016283350832815952 0.00040870813055938473 4.792213439941406e-05
indeed 3508 2927623 0.004900861632788325 0.0009385272244425421 6.604194641113281e-05
indeed 3378 2914753 0.007495583953006086 0.0009014077676553362 6.29425048828125e-05
indeed 3397 2889846 0.008742809460284166 0.0009695906521153535 6.699562072753906e-05
indeed 3526 2913003 0.00408890063286684 0.0008932354433316711 8.487701416015625e-05
instagram 7985 7591191 0.007203697917477917 0.00041846405408664316 3.814697265625e-06
instagram 8116 7589369 0.010245572951981434 0.0004228145343171764 5.0067901611328125e-06
instagram 8457 7612771 0.009221839721663268 0.0003880708422881878 3.0994415283203125e-06
instagram 8299 7613989 0.00852503245472433 0.0004111588159277514 1.8835067749023438e-05
intel 1136 910078 0.004514028471049684 0.000701413175608093 3.600120544433594e-05
intel 968 712381 0.00427343292970929 0.0008236568001211614 3.981590270996094e-05
intel 978 745935 0.004434665056750569 0.0008181605636768478 4.100799560546875e-05
intel 1257 1014101 0.0038695888719574847 0.0006552165860583068 3.504753112792969e-05
irs 886 678518 0.005254235747879395 0.0008204926205220195 3.1948089599609375e-05
irs 760 520612 0.004960941407746098 0.0008901280690872936 4.601478576660156e-05
irs 758 531116 0.004317167281277375 0.0009103274880816159 3.600120544433594e-05
irs 752 524097 0.003932349453275849 0.0009158721141586608 4.9114227294921875e-05
kayak 12448 10118758 0.008411803471778778 0.0005423307629524967 4.00543212890625e-05
kayak 11806 9814228 0.006082328459550366 0.0005150421955281524 4.1961669921875e-05
kayak 12056 9881699 0.003793369541075978 0.0005027481452502041 4.482269287109375e-05
kayak 11787 9875009 0.003713751159782393 0.000527032745040254 3.790855407714844e-05
khanacademy 1012 680624 0.003980520500630497 0.0007511038926423598 3.790855407714844e-05
khanacademy 999 669869 0.0034516786312941807 0.0007787596486613363 4.303455352783203e-05
khanacademy 1017 649641 0.003479577863854015 0.0007617804478472612 3.504753112792969e-05
khanacademy 1019 769455 0.004879484409565001 0.0007434352676151778 3.600120544433594e-05
linkedin 4658 3819889 0.008556691581471676 0.000697189834411241 1.6927719116210938e-05
linkedin 4489 3647906 0.00992901485309037 0.0006863513626091833 1.7881393432617188e-05
linkedin 4122 3458519 0.007260936363766291 0.0006498282061592811 1.7881393432617188e-05
linkedin 4801 3789674 0.012565913046194872 0.0006433412929375967 1.5974044799804688e-05
mayoclinic 1102 831690 0.004243734529785954 0.0006564705075186886 2.9087066650390625e-05
mayoclinic 1061 802077 0.004348326606564882 0.0006882611310706948 2.6941299438476562e-05
mayoclinic 1380 1205966 0.004359487433127438 0.000535296563915449 1.811981201171875e-05
mayoclinic 1471 1216928 0.003534007523349865 0.000509464659658419 2.5033950805664062e-05
medium 5593 4500018 0.007234501512322555 0.0005862514604314714 5.1975250244140625e-05
medium 5421 4441640 0.004881737854885706 0.0006131287870371914 4.601478576660156e-05
medium 5285 4421627 0.006253361607500824 0.0006292729013170102 4.38690185546875e-05
medium 5499 4459917 0.00519857462576943 0.0005637424215051034 4.8160552978515625e-05
microsoft 1012 766883 0.004452285831514859 0.0007789217517826371 3.695487976074219e-05
microsoft 1147 916739 0.0036965123763168747 0.0006793159048802774 3.600120544433594e-05
microsoft 1045 762935 0.003980692249857998 0.0008040860694943717 3.2901763916015625e-05
microsoft 1041 766607 0.004323362589895884 0.0007422499931775606 3.647804260253906e-05
mit 910 629368 0.00512980517629669 0.0008147502496297604 4.1961669921875e-05
mit 811 547873 0.004845921274614062 0.0009092542860243056 4.410743713378906e-05
mit 827 547969 0.0039623170713048725 0.0008747808581114392 3.3020973205566406e-05
mit 862 587848 0.005416449959845307 0.000859760656589415 4.220008850097656e-05
mlb 17722 12590809 0.03411081371055224 0.0008459184557379426 3.1948089599609375e-05
mlb 13897 10066087 0.001560254970645942 0.0003382671339181078 2.9087066650390625e-05
mlb 14005 10890588 0.00196415374285242 0.00038518060516950164 3.2901763916015625e-05
mlb 14294 10674361 0.0015817416331790665 0.00034804568700724347 3.1948089599609375e-05
monster 8181 7642368 0.005251519044333637 0.0007254144090312034 6.508827209472656e-05
monster 8120 7565944 0.004131368206810986 0.0007004218671779677 6.604194641113281e-05
monster 7962 7563762 0.006351732266459678 0.0006604500712948279 5.2928924560546875e-05
monster 8052 7604907 0.004729824706864906 0.0007006515850711055 6.198883056640625e-05
nasa 1381 1002858 0.0034955400403605353 0.0005661028018896131 2.9087066650390625e-05
nasa 1464 986744 0.0037286164752204955 0.0005269712238220507 2.6941299438476562e-05
nasa 1317 863124 0.003626168687676308 0.0005514810150517519 3.1948089599609375e-05
nasa 1443 1059711 0.0037100469295103093 0.0005228294578901441 2.6941299438476562e-05
nba 13338 9603993 0.00465241305552715 0.0005444953169361122 4.00543212890625e-05
nba 14221 10194092 0.003150150233499534 0.0006209715341549215 5.3882598876953125e-05
nba 13758 9956537 0.004512640561390072 0.0005352800908178457 4.601478576660156e-05
nba 13038 9413702 0.002395108892441452 0.0004790556927331525 4.315376281738281e-05
netflix 1045 773968 0.004646021098830155 0.0007579262685958453 3.504753112792969e-05
netflix 1090 853843 0.0037653846793640026 0.0008309513631493154 2.5033950805664062e-05
netflix 1096 871427 0.003784256068112645 0.0007511389309957147 3.504753112792969e-05
netflix 1139 803050 0.004515863154874369 0.0008500263435350361 2.3126602172851562e-05
nfl 35847 30678144 0.04440108915024331 0.001827144811696548 3.409385681152344e-05
nfl 32694 28678665 0.0448355685434226 0.0017954026249270146 3.314018249511719e-05
nfl 31235 28020129 0.04619865297110143 0.0017645270187662254 3.1948089599609375e-05
nfl 36080 33203715 0.043606493962899104 0.001917858062190529 4.100799560546875e-05
notion 11354 9461330 0.006031653597098139 0.0005005637444158719 3.409385681152344e-05
notion 11548 9569692 0.005991218979842491 0.0004823192162999779 2.8848648071289062e-05
notion 11236 9304322 0.005646079103218629 0.0006054316089054612 5.1021575927734375e-05
notion 11571 9731545 0.004048637594936243 0.000515519614454581 5.7578086853027344e-05
nytimes 12432 9719477 0.0015828461030496827 0.00023751348609485492 1.3113021850585938e-05
nytimes 12382 9831931 0.00171405922402399 0.0002328182747633447 1.4066696166992188e-05
nytimes 12036 9707837 0.0017676082824861173 0.00019819600779236626 1.1920928955078125e-05
nytimes 12423 9830932 0.0016970045413587825 0.0002599994527067161 1.6927719116210938e-05
pandora 1322 986523 0.003291370501373048 0.0006377570652582716 3.0994415283203125e-05
pandora 1314 993578 0.0038207896637953466 0.0006635232636334782 3.314018249511719e-05
pandora 959 690001 0.020996994394042005 0.0013487169787381038 3.4928321838378906e-05
pandora 932 671027 0.004116285747069486 0.0008439922947376551 4.100799560546875e-05
paypal 5918 4951839 0.00547822701388116 0.0007041626047479637 5.507469177246094e-05
paypal 5664 4873798 0.005592790100511935 0.0007616542325768394 4.887580871582031e-05
paypal 6014 4976095 0.019162371404803716 0.0017644904644342977 5.2928924560546875e-05
paypal 5750 4896977 0.005700759944569093 0.0008030991530206893 4.792213439941406e-05
pinterest 11856 12868483 0.0015104851891751929 0.0001571154906145383 2.1457672119140625e-06
pinterest 11819 12081660 0.0016829893032378443 0.0001532147430611012 2.86102294921875e-06
pinterest 11810 12216100 0.0015206480237029934 0.00016476585293857942 2.1457672119140625e-06
pinterest 11866 12166792 0.0015339951097128749 0.00021246439085396542 3.0994415283203125e-06
quora 7759 6167417 0.003823773740131765 0.0006705237037283024 6.079673767089844e-05
quora 7477 6254260 0.0028738917728097033 0.0005619304265613668 4.506111145019531e-05
quora 6800 5500045 0.0049433855467880304 0.0006999922142359839 6.413459777832031e-05
quora 6870 5368823 0.002535572310961628 0.0007083989036605597 8.988380432128906e-05
reddit 963 668573 0.0049391736354193454 0.0008048034755207149 4.00543212890625e-05
reddit 1216 864921 0.00313111994454503 0.000616174470250008 3.504753112792969e-05
reddit 990 686065 0.004328735271686068 0.0007802700008010478 3.409385681152344e-05
reddit 964 649715 0.003977169581076111 0.0008106882822228865 4.1961669921875e-05
roblox 6480 5559780 0.00809103124498873 0.0006935147522297662 4.601478576660156e-05
roblox 6588 5589554 0.011542277870468512 0.0007783951809287922 5.0067901611328125e-05
roblox 6358 5549638 0.015652143930887766 0.0008504244072436911 4.696846008300781e-05
roblox 6525 5565480 0.006922209645754509 0.0007208692450087761 3.695487976074219e-05
shopify 6960 5530366 0.0038223998115145827 0.0005221699894048441 5.507469177246094e-05
shopify 6749 5511335 0.002416555177959535 0.0005276732071660012 5.0067901611328125e-05
shopify 6661 5474486 0.0023614140928378204 0.00046045991393538926 4.00543212890625e-05
shopify 6819 5527942 0.004021821032175528 0.00048025754512877507 4.291534423828125e-05
slack 22516 20031922 0.027416460768001923 0.001214834597013856 6.4849853515625e-05
slack 21154 18983357 0.02980052492708043 0.0011875941973963804 4.792213439941406e-05
slack 20364 17697465 0.030043830207053646 0.0011586740174649689 5.0067901611328125e-05
slack 21766 19030468 0.031667303906590415 0.0012399810280110846 5.602836608886719e-05
snapchat 7583 6641573 0.006798861571077366 0.0007956742422777567 4.887580871582031e-05
snapchat 7576 6658658 0.006785651127630112 0.0006262594166368541 3.886222839355469e-05
snapchat 7705 6662625 0.008638010783236014 0.0005641568177461872 3.0040740966796875e-05
snapchat 7636 6662777 0.0031838225171525385 0.0005666574779178242 2.8848648071289062e-05
soundcloud 790 534315 0.004436521062233134 0.0010078252495015075 3.695487976074219e-05
soundcloud 5747 3723705 0.08389686296619385 0.014662611745933269 4.3511390686035156e-05
soundcloud 5097 3498842 0.06698947177165998 0.010125932083399366 4.696846008300781e-05
soundcloud 857 608122 0.004682927699249562 0.000977536228215583 2.5033950805664062e-05
spotify 1222 912750 0.003995769161542538 0.0006512488428439204 3.314018249511719e-05
spotify 1021 723759 0.004076303792189215 0.0007414303573907591 4.00543212890625e-05
spotify 1104 826504 0.004412036088594843 0.000720005519586807 3.2901763916015625e-05
spotify 994 712049 0.004568680970576607 0.0007945137081549607 2.9087066650390625e-05
stackoverflow 5509 4662137 0.010203839186624439 0.0008326151185738669 5.412101745605469e-05
stackoverflow 5617 4686665 0.007606571024210867 0.0008512982445904332 5.1021575927734375e-05
stackoverflow 5719 4720502 0.010464501315869599 0.0008815596177887358 5.412101745605469e-05
stackoverflow 5481 4668823 0.00825734649184106 0.0007425087646846354 5.1975250244140625e-05
steamcommunity 13105 12812508 0.0017295378940074477 0.0003934496233605931 4.8160552978515625e-05
steamcommunity 14528 13246082 0.004774365312180403 0.0008094148937190416 6.699562072753906e-05
steamcommunity 13407 13117448 0.010255365145775668 0.0006525772072816097 5.888938903808594e-05
steamcommunity 13319 12867630 0.0017911476100229932 0.00040577789526620163 4.792213439941406e-05
tiktok 8211 6466629 0.0043434623696226035 0.0006167258182483817 4.792213439941406e-05
tiktok 10859 9267818 0.002166608698002342 0.0004158457200771802 4.410743713378906e-05
tiktok 9354 7849718 0.005346898993900862 0.0005030059997989292 4.482269287109375e-05
tiktok 8949 7667432 0.003042059039641873 0.000516092532119103 4.506111145019531e-05
tripadvisor 3425 3061160 0.008220164928379554 0.0008762187768365735 3.2901763916015625e-05
tripadvisor 3353 2958925 0.007435293609610252 0.0010318496489012726 5.0067901611328125e-05
tripadvisor 3534 3012362 0.010013292033636293 0.0009982046715234043 5.316734313964844e-05
tripadvisor 3383 2994850 0.014403223360168678 0.0010089394187588864 4.696846008300781e-05
tumblr 6389 5661540 0.008717675929288855 0.0008468683167554918 5.888938903808594e-05
tumblr 6523 5701181 0.0068818371344955874 0.0008193345495397713 5.698204040527344e-05
tumblr 9916 9454997 0.0019388875544311315 0.0004664573053849567 7.200241088867188e-05
tumblr 8877 8479998 0.0018104357589432904 0.0004071162702157294 6.103515625e-05
twitch 10984 10158545 0.0038229626225136032 0.00048017599516896986 1.4066696166992188e-05
twitch 9962 8848399 0.003897273146661655 0.0004759088552042419 1.6927719116210938e-05
twitch 9531 9053410 0.014718455493316338 0.0009587359953777238 1.0013580322265625e-05
twitch 10509 8427266 0.0036721210630402084 0.0004900546413344669 1.811981201171875e-05
twitter 5718 4977686 0.006344533006517983 0.0006562651340123634 1.5020370483398438e-05
twitter 5764 4939934 0.009547924590102414 0.000627540164413333 1.5974044799804688e-05
twitter 5981 4950173 0.014534125519027183 0.0006678207662193273 1.4066696166992188e-05
twitter 5261 4880139 0.014430195796548658 0.0007781492439966238 8.106231689453125e-06
ubereats 6434 5358987 0.007297896046031621 0.0008664449154821058 6.914138793945312e-05
ubereats 6622 5378559 0.00893490354161156 0.0008194769568501634 7.104873657226562e-05
ubereats 6354 5299417 0.009098392826070476 0.0009034163329275916 7.796287536621094e-05
ubereats 6264 5304796 0.00944758796263736 0.0009021828316583927 6.699562072753906e-05
udemy 854 561685 0.003628402977494084 0.0008561242227677304 4.38690185546875e-05
udemy 863 582137 0.0039680815220240195 0.000861471047810778 4.303455352783203e-05
udemy 892 615598 0.004278092032669603 0.0008145331266084236 3.695487976074219e-05
udemy 863 550334 0.002899406469235994 0.000829721548164527 4.291534423828125e-05
usa 886 602094 0.003377812571481619 0.000855741123695158 4.1961669921875e-05
usa 824 552908 0.005221182237958652 0.0009118189643683729 3.886222839355469e-05
usa 837 569916 0.0046489567634939435 0.0009244760257775703 3.552436828613281e-05
usa 890 630127 0.00398830757847169 0.0008304679621727582 4.38690185546875e-05
vimeo 12072 11484501 0.0019148362215407025 0.00016657591715397036 1.0967254638671875e-05
vimeo 12187 11775766 0.0013235355398831313 0.00016516962603906017 1.0967254638671875e-05
vimeo 12128 11925498 0.0012896264294873683 0.00015352263222171672 8.106231689453125e-06
vimeo 12109 11809667 0.0014471326317172834 0.00017094657410872744 1.0013580322265625e-05
walmart 9229 6768519 0.0038953096541896578 0.0005163651914063293 2.193450927734375e-05
walmart 9473 6817043 0.00278098364422028 0.0004609202009600562 2.193450927734375e-05
walmart 8884 6873292 0.003157698770427151 0.0005398939472590563 2.09808349609375e-05
walmart 8892 6793581 0.002889394223129826 0.0004932023371154902 2.5987625122070312e-05
weather 16646 10427678 0.021721265761038652 0.0005375375687520974 3.2901763916015625e-05
weather 16165 10501428 0.022693402256705193 0.0005689831807807482 3.0994415283203125e-05
weather 16018 9623074 0.00200795383487919 0.00046482151379453976 4.410743713378906e-05
weather 14225 9348488 0.0013537217564348445 0.00027778942485762127 2.8848648071289062e-05
webmd 1055 727247 0.0036601774342556698 0.0006884013000430373 3.814697265625e-05
webmd 1001 695482 0.0034102885416833614 0.0007160398960113526 4.100799560546875e-05
webmd 937 649590 0.0052286672320924115 0.0007347296445797652 3.2901763916015625e-05
webmd 1087 625654 0.003431202207100221 0.0007190893148629486 2.5033950805664062e-05
weebly 15130 15062027 0.01658712295818485 0.0005828914595687214 4.100799560546875e-05
weebly 14272 14216137 0.01074359736290925 0.0004699292342302452 4.792213439941406e-05
weebly 14086 14024541 0.00166942770579932 0.0004209153822308785 4.9114227294921875e-05
weebly 14575 14513943 0.00963163029944644 0.00046161856362730353 3.790855407714844e-05
wellsfargo 7912 5965578 0.0032580507188152774 0.0005985558251487126 5.1021575927734375e-05
wellsfargo 7675 5972007 0.00337174992968135 0.0005974633823560805 4.38690185546875e-05
wellsfargo 7767 5979350 0.0037214301898701257 0.0005871855411337971 4.792213439941406e-05
wellsfargo 6562 5220788 0.005877436287617346 0.0007875217131917168 4.506111145019531e-05
whitehouse 733 508266 0.005011037993537393 0.0008991106611783387 4.458427429199219e-05
whitehouse 746 529307 0.004648611580421208 0.0009078454651288538 4.100799560546875e-05
whitehouse 726 511937 0.004960502889244125 0.000952499323877795 2.9087066650390625e-05
whitehouse 715 510977 0.004894812228661583 0.0008825574602399554 4.1484832763671875e-05
who 1023 794151 0.004338969070558005 0.0006929656997352197 3.445148468017578e-05
who 811 570129 0.004510318790620248 0.0008506618900063597 4.00543212890625e-05
who 1096 644358 0.0036125273473870062 0.0008127251716509257 3.886222839355469e-05
who 985 651106 0.005453858228182521 0.000718818205158885 3.0994415283203125e-05
wikipedia 3175 2702677 0.0077438951864094 0.0008742921218679773 5.507469177246094e-05
wikipedia 3049 2690848 0.01710650467933295 0.0010266358771036303 5.805492401123047e-05
wikipedia 3077 2698548 0.015423022106875631 0.0010476072835984248 5.91278076171875e-05
wikipedia 3038 2693580 0.008466407555407484 0.0008837863493797848 5.1975250244140625e-05
wordpress 5468 4190482 0.009184063412922711 0.0008371090439788947 5.4836273193359375e-05
wordpress 5873 4252905 0.012046575903030514 0.0008022287398657942 6.4849853515625e-05
wordpress 5445 4203578 0.008698925914723344 0.000799203514614848 5.888938903808594e-05
wordpress 5623 4213975 0.009642151448422554 0.0007377591518183613 5.7578086853027344e-05
yahoo 8976 6548844 0.002909479300040928 0.0003702657269236105 1.5020370483398438e-05
yahoo 12227 8733547 0.0017255117669008168 0.0002385000735594445 1.4066696166992188e-05
yahoo 11971 8822484 0.003807008947619725 0.0003044579760074217 1.4066696166992188e-05
yahoo 15478 10046056 0.023285786891087585 0.0008260540285336614 2.09808349609375e-05
yelp 7023 5750019 0.006865375502349884 0.0007174031682178799 5.793571472167969e-05
yelp 7075 5753851 0.006181231696685905 0.0007056765614305474 5.2928924560546875e-05
yelp 7050 5765028 0.004296185330379554 0.0006937778390101599 4.696846008300781e-05
yelp 6876 5743533 0.00533228908259722 0.0007011201338334517 4.696846008300781e-05
youtube 7590 6824317 0.005814623141405055 0.0005582917394775037 1.1920928955078125e-05
youtube 8058 6927135 0.006753770470576258 0.0005072738036219263 1.5020370483398438e-05
youtube 7904 6850694 0.004039676585537874 0.0005438301844731412 1.5020370483398438e-05
youtube 8050 6966352 0.007396728543742424 0.00048666243849962985 7.867813110351562e-06
ziprecruiter 4664 3886429 0.00783253797246859 0.0011771629737626578 7.700920104980469e-05
ziprecruiter 4840 3925158 0.006945048578886528 0.0008678840787776814 6.198883056640625e-05
ziprecruiter 4747 3929852 0.006597473049545403 0.0008924868957834609 5.0067901611328125e-05
ziprecruiter 4738 3916524 0.010045713554195309 0.0009605503545321818 7.581710815429688e-05
zoho 14578 14754953 0.012029358367516117 0.0005041489984188223 6.29425048828125e-05
zoho 14277 13861911 0.001785683925749107 0.0004197153165982397 4.291534423828125e-05
zoho 14559 14405625 0.007791463465037413 0.0004736189823226625 5.507469177246094e-05
zoho 14234 13660707 0.0018631782667595548 0.0004784213443805151 6.198883056640625e-05
